2 50000.0000000000072759576141834
2.00100100100100108946321597614 49770.0414381075970595702528954
2.00200200200200217892643195228 49541.1404950189389637671411037
2.00300300300300326838964792842 49313.2923065640570712275803089
2.00400400400400435785286390455 49086.4920309441076824441552162
2.00500500500500544731607988069 48860.7348486285336548462510109
2.00600600600600653677929585683 48636.0159622525898157618939877
2.00700700700700762624251183297 48412.3305965154722798615694046
2.00800800800800871570572780911 48189.6739980787824606522917747
2.00900900900900980516894378525 47968.0414354655440547503530979
2.01001001001001089463215976139 47747.4281989596420316956937313
2.01101101101101198409537573752 47527.8296005057709407992660999
2.01201201201201307355859171366 47309.240973609776119701564312
2.0130130130130141630218076898 47091.6576732395260478369891644
2.01401401401401525248502366594 46875.0750757261630496941506863
2.01501501501501634194823964208 46659.4885786659142468124628067
2.01601601601601743141145561822 46444.8936008222080999985337257
2.01701701701701852087467159436 46231.2855820283875800669193268
2.01801801801801961033788757049 46018.6599830907798605039715767
2.01901901901902069980110354663 45807.0122856922389473766088486
2.02002002002002178926431952277 45596.3379922961248666979372501
2.02102102102102287872753549891 45386.6326260507485130801796913
2.02202202202202396819075147505 45177.891730694245779886841774
2.02302302302302505765396745119 44970.110870459815487265586853
2.02402402402402614711718342733 44763.2856299815539387054741383
2.02502502502502723658039940346 44557.4116142005586880259215832
2.0260260260260283260436153796 44352.4844482715634512715041637
2.02702702702702941550683135574 44148.4997774699659203179180622
2.02802802802803050497004733188 43945.4532670992775820195674896
2.02902902902903159443326330802 43743.3406023990391986444592476
2.03003003003003268389647928416 43542.1574884530928102321922779
2.0310310310310337733596952603 43341.8996500983412261120975018
2.03203203203203486282291123644 43142.5628318339149700477719307
2.03303303303303595228612721257 42944.1427977306811953894793987
2.03403403403403704174934318871 42746.6353313413128489628434181
2.03503503503503813121255916485 42550.036235610627045389264822
2.03603603603603922067577514099 42354.3413327864109305664896965
2.03703703703704031013899111713 42159.5464643306549987755715847
2.03803803803804139960220709327 41965.6474908311793114989995956
2.03903903903904248906542306941 41772.640291913681721780449152
2.04004004004004357852863904554 41580.5207661541280685923993587
2.04104104104104466799185502168 41389.2848309916880680248141289
2.04204204204204575745507099782 41198.9284226418894832022488117
2.04304304304304684691828697396 41009.4474960103034391067922115
2.0440440440440479363815029501 40820.8380246066153631545603275
2.04504504504504902584471892624 40633.0960004589796881191432476
2.04604604604605011530793490238 40446.2174340289566316641867161
2.04704704704705120477115087851 40260.1983541266090469434857368
2.04804804804805229423436685465 40075.0348078262541093863546848
2.04904904904905338369758283079 39890.7228603823386947624385357
2.05005005005005447316079880693 39707.2585951458895578980445862
2.05105105105105556262401478307 39524.6381134812982054427266121
2.05205205205205665208723075921 39342.8575346834186348132789135
2.05305305305305774155044673535 39161.9129958951452863402664661
2.05405405405405883101366271148 38981.8006520253111375495791435
2.05505505505505992047687868762 38802.5166756669859751127660275
2.05605605605606100994009466376 38624.0572570161384646780788898
2.0570570570570620994033106399 38446.4186037906692945398390293
2.05805805805806318886652661604 38269.5969411498444969765841961
2.05905905905906427832974259218 38093.5885116140634636394679546
2.06006006006006536779295856832 37918.3895749850271386094391346
2.06106106106106645725617454445 37743.996408266233629547059536
2.06206206206206754671939052059 37570.405305583895824383944273
2.06306306306306863618260649673 37397.612578108150046318769455
2.06406406406406972564582247287 37225.6145539747303701005876064
2.06506506506507081510903844901 37054.4075782068684929981827736
2.06606606606607190457225442515 36883.9880126376738189719617367
2.06706706706707299403547040129 36714.3522358328191330656409264
2.06806806806807408349868637742 36545.4966430135464179329574108
2.06906906906907517296190235356 36377.4176459801237797364592552
2.0700700700700762624251183297 36210.1116730355424806475639343
2.07107107107107735188833430584 36043.5751689096505288034677505
2.07207207207207844135155028198 35877.8045946835845825262367725
2.07307307307307953081476625812 35712.7964277145729283802211285
2.07407407407408062027798223426 35548.5471615611022571101784706
2.07507507507508170974119821039 35385.0533059083682019263505936
2.07607607607608279920441418653 35222.311386494111502543091774
2.07707707707708388866763016267 35060.3179450348106911405920982
2.07807807807808497813084613881 34899.0695391521949204616248608
2.07907907907908606759406211495 34738.5627423000623821280896664
2.08008008008008715705727809109 34578.7941436914989026263356209
2.08108108108108824652049406723 34419.7603482263584737665951252
2.08208208208208933598371004337 34261.457976419165788684040308
2.0830830830830904254469260195 34103.8836643272807123139500618
2.08408408408409151491014199564 33947.0340634793828940019011497
2.08508508508509260437335797178 33790.9058408043856616131961346
2.08608608608609369383657394792 33635.4956785605172626674175262
2.08708708708709478329978992406 33480.800274264918698463588953
2.0880880880880958727630059002 33326.8163406233798014000058174
2.08908908908909696222622187634 33173.5406054605336976237595081
2.09009009009009805168943785247 33020.9698116503132041543722153
2.09109109109109914115265382861 32869.1007170467200921848416328
2.09209209209210023061586980475 32717.9300944149472343269735575
2.09309309309310132007908578089 32567.4547313627881521824747324
2.09409409409410240954230175703 32417.6714302723812579642981291
2.09509509509510349900551773317 32268.5770082322596863377839327
2.09609609609610458846873370931 32120.1682969697103544604033232
2.09709709709710567793194968544 31972.442142783442250220105052
2.09809809809810676739516566158 31825.3954064765894145239144564
2.09909909909910785685838163772 31679.0249632899794960394501686
2.10010010010010894632159761386 31533.3277028357406379655003548
2.10110110110111003578481359 31388.3005290312175930012017488
2.10210210210211112524802956614 31243.9403600331643247045576572
2.10310310310311221471124554228 31100.2441281722603889647871256
2.10410410410411330417446151841 30957.208779887914715800434351
2.10510510510511439363767749455 30814.8312756633931712713092566
2.10610610610611548310089347069 30673.108589961215329822152853
2.10710710710711657256410944683 30532.0377111588713887613266706
2.10810810810811766202732542297 30391.6156414848155691288411617
2.10910910910911875149054139911 30251.839396954761468805372715
2.11011011011011984095375737525 30112.7060073082866438198834658
2.11111111111112093041697335138 29974.2125159456991241313517094
2.11211211211212201988018932752 29836.3559798652167955879122019
2.11311311311312310934340530366 29699.1334696004159923177212477
2.1141141141141241988066212798 29562.5420691580220591276884079
2.11511511511512528826983725594 29426.5788759558708989061415195
2.11611611611612637773305323208 29291.2410007613034395035356283
2.11711711711712746719626920822 29156.5255676297274476382881403
2.11811811811812855665948518435 29022.4297138434958469588309526
2.11911911911912964612270116049 28888.9505898511233681347221136
2.12012012012013073558591713663 28756.0853592066632700152695179
2.12112112112113182504913311277 28623.8311985094915144145488739
2.12212212212213291451234908891 28492.1852973442873917520046234
2.12312312312313400397556506505 28361.144858221297909040004015
2.12412412412413509343878104119 28230.7070965169223200064152479
2.12512512512513618290199701732 28100.8692404145076579879969358
2.12612612612613727236521299346 27971.628530845460772980004549
2.1271271271271383618284289696 27842.9822214306223031599074602
2.12812812812813945129164494574 27714.9275784219025808852165937
2.12912912912914054075486092188 27587.461880644179473165422678
2.13013013013014163021807689802 27460.5824194374872604385018349
2.13113113113114271968129287416 27334.2864985994528979063034058
2.1321321321321438091445088503 27208.5714343279942113440483809
2.13313313313314489860772482643 27083.4345551642945792991667986
2.13413413413414598807094080257 26958.8732019360395497642457485
2.13513513513514707753415677871 26834.8847277009008394088596106
2.13613613613614816699737275485 26711.4664976902895432431250811
2.13713713713714925646058873099 26588.6158892533640027977526188
2.13813813813815034592380470713 26466.3302918013214366510510445
2.13913913913915143538702068327 26344.6071067518787458539009094
2.1401401401401525248502366594 26223.4437474740952893625944853
2.14114114114115361431345263554 26102.8376392333884723484516144
2.14214214214215470377666861168 25982.7862191368039930239319801
2.14314314314315579323988458782 25863.2869360785916796885430813
2.14414414414415688270310056396 25744.3372506859632267151027918
2.1451451451451579721663165401 25625.9346352651446068193763494
2.14614614614615906162953251624 25508.0765737476576759945601225
2.14714714714716015109274849237 25390.7605616368491610046476126
2.14814814814816124055596446851 25273.9841059546779433730989695
2.14914914914916233001918044465 25157.7447251887424499727785587
2.15015015015016341948239642079 25042.039949239529960323125124
2.15115115115116450894561239693 24926.8673193679424002766609192
2.15215215215216559840882837307 24812.2243881430476903915405273
2.15315315315316668787204434921 24698.1087193900639249477535486
2.15415415415416777733526032534 24584.5178881386018474586308002
2.15515515515516886679847630148 24471.4494805711110529955476522
2.15615615615616995626169227762 24358.9010939716135908383876085
2.15715715715717104572490825376 24246.8703366746303800027817488
2.1581581581581721351881242299 24135.3548280143622832838445902
2.15915915915917322465134020604 24024.3521982741003739647567272
2.16016016016017431411455618218 23913.8600886358653951901942492
2.16116116116117540357777215831 23803.8761511302873259410262108
2.16216216216217649304098813445 23694.3980485867068637162446976
2.16316316316317758250420411059 23585.4234545835242897737771273
2.16416416416417867196742008673 23476.9500533987338712904602289
2.16516516516517976143063606287 23368.9755399607420258689671755
2.16616616616618085089385203901 23261.4976197993782989215105772
2.16716716716718194035706801515 23154.5140089971246197819709778
2.16816816816818302982028399128 23048.0224341405919403769075871
2.16916916916918411928349996742 22942.0206322722151526249945164
2.17017017017018520874671594356 22836.5063508421480946708470583
2.1711711711711862982099319197 22731.4773476604204915929585695
2.17217217217218738767314789584 22626.9313908492622431367635727
2.17317317317318847713636387198 22522.8662587957041978370398283
2.17417417417418956659957984812 22419.2797401043535501230508089
2.17517517517519065606279582425 22316.1696335503911541309207678
2.17617617617619174552601180039 22213.5337480328271340113133192
2.17717717717719283498922777653 22111.3699025279020133893936872
2.17817817817819392445244375267 22009.6759260427788831293582916
2.17917917917919501391565972881 21908.4496575693628983572125435
2.18018018018019610337887570495 21807.6889460384263657033443451
2.18118118118119719284209168109 21707.3916502738647977821528912
2.18218218218219828230530765723 21607.555638947222178103402257
2.18318318318319937176852363336 21508.1787905323726590722799301
2.1841841841842004612317396095 21409.2589932604605564847588539
2.18518518518520155069495558564 21310.794145075014967005699873
2.18618618618620264015817156178 21212.7821535872826643753796816
2.18718718718720372962138753792 21115.2209360317647224292159081
2.18818818818820481908460351406 21018.1084192219605029094964266
2.1891891891892059085478194902 20921.4425395062971801962703466
2.19019019019020699801103546633 20825.2212427243102865759283304
2.19119119119120808747425144247 20729.4424841629479487892240286
2.19219219219220917693746741861 20634.1042285131588869262486696
2.19319319319321026640068339475 20539.2044498266186565160751343
2.19419419419421135586389937089 20444.741131472695997217670083
2.19519519519521244532711534703 20350.7122660955719766207039356
2.19619619619621353479033132317 20257.1158555716210685204714537
2.1971971971972146242535472993 20163.9499109669195604510605335
2.19819819819821571371676327544 20071.2124524949904298409819603
2.19919919919921680317997925158 19978.9015094747337570879608393
2.20020020020021789264319522772 19887.0151202885608654469251633
2.20120120120121898210641120386 19795.5513323406776180490851402
2.20220220220222007156962718 19704.5082020156296493951231241
2.20320320320322116103284315614 19613.8837946369749261066317558
2.20420420420422225049605913227 19523.6761844261855003423988819
2.20520520520522333995927510841 19433.8834544617093342822045088
2.20620620620622442942249108455 19344.503696638257679296657443
2.20720720720722551888570706069 19255.535011626230698311701417
2.20820820820822660834892303683 19166.975508831383194774389267
2.20920920920922769781213901297 19078.8233063546249468345195055
2.21021021021022878727535498911 18991.0765309520538721699267626
2.21121121121122987673857096524 18903.7333179951237980276346207
2.21221221221223096620178694138 18816.7918114310486998874694109
2.21321321321323205566500291752 18730.250163743337907362729311
2.21421421421423314512821889366 18644.1065359125495888292789459
2.2152152152152342345914348698 18558.359097377204307122156024
2.21621621621623532405465084594 18473.0060259948913881089538336
2.21721721721723641351786682208 18388.0455080035389983095228672
2.21821821821823750298108279821 18303.4757379828843113500624895
2.21921921921923859244429877435 18219.2949188161037454847246408
