2.00099999999999988986587595718 31886
2.00199999999999977973175191437 31800
2.00299999999999966959762787155 32057
2.00399999999999955946350382874 32797
2.00499999999999944932937978592 33936
2.00599999999999933919525574311 35677
2.00699999999999922906113170029 38935
2.00799999999999911892700765748 40014
2.00899999999999900879288361466 39437
2.00999999999999889865875957184 38035
2.01099999999999878852463552903 36262
2.01199999999999867839051148621 34180
2.0129999999999985682563874434 32391
2.01399999999999845812226340058 30907
2.01499999999999834798813935777 29291
2.01599999999999823785401531495 27688
2.01699999999999812771989127214 26557
2.01799999999999801758576722932 25282
2.0189999999999979074516431865 24487
2.01999999999999779731751914369 23136
2.02099999999999768718339510087 22144
2.02199999999999757704927105806 21280
2.02299999999999746691514701524 20370
2.02399999999999735678102297243 19543
2.02499999999999724664689892961 18861
2.0259999999999971365127748868 18293
2.02699999999999702637865084398 17532
2.02799999999999691624452680117 16847
2.02899999999999680611040275835 16383
2.02999999999999669597627871553 16155
2.03099999999999658584215467272 15704
2.0319999999999964757080306299 15225
2.03299999999999636557390658709 14697
2.03399999999999625543978254427 14377
2.03499999999999614530565850146 14040
2.03599999999999603517153445864 13716
2.03699999999999592503741041583 13132
2.03799999999999581490328637301 12859
2.03899999999999570476916233019 12544
2.03999999999999559463503828738 12260
2.04099999999999548450091424456 11865
2.04199999999999537436679020175 11725
2.04299999999999526423266615893 11268
2.04399999999999515409854211612 11030
2.0449999999999950439644180733 10945
2.04599999999999493383029403049 10540
2.04699999999999482369616998767 10280
2.04799999999999471356204594485 10180
2.04899999999999460342792190204 10011
2.04999999999999449329379785922 10019
2.05099999999999438315967381641 9854
2.05199999999999427302554977359 9614
2.05299999999999416289142573078 9179
2.05399999999999405275730168796 8949
2.05499999999999394262317764515 8772
2.05599999999999383248905360233 8656
2.05699999999999372235492955951 8673
2.0579999999999936122208055167 8461
2.05899999999999350208668147388 8291
2.05999999999999339195255743107 8187
2.06099999999999328181843338825 8049
2.06199999999999317168430934544 7867
2.06299999999999306155018530262 8002
2.06399999999999295141606125981 7872
2.06499999999999284128193721699 7613
2.06599999999999273114781317418 7594
2.06699999999999262101368913136 7401
2.06799999999999251087956508854 7401
2.06899999999999240074544104573 7254
2.06999999999999229061131700291 7172
2.0709999999999921804771929601 6970
2.07199999999999207034306891728 6952
2.07299999999999196020894487447 6680
2.07399999999999185007482083165 6775
2.07499999999999173994069678884 6502
2.07599999999999162980657274602 6562
2.0769999999999915196724487032 6432
2.07799999999999140953832466039 6303
2.07899999999999129940420061757 6207
2.07999999999999118927007657476 6088
2.08099999999999107913595253194 5952
2.08199999999999096900182848913 5917
2.08299999999999085886770444631 5882
2.0839999999999907487335804035 5771
2.08499999999999063859945636068 5753
2.08599999999999052846533231786 5612
2.08699999999999041833120827505 5526
2.08799999999999030819708423223 5576
2.08899999999999019806296018942 5556
2.0899999999999900879288361466 5503
2.09099999999998997779471210379 5262
2.09199999999998986766058806097 5309
2.09299999999998975752646401816 5214
2.09399999999998964739233997534 5236
2.09499999999998953725821593252 5203
2.09599999999998942712409188971 5158
2.09699999999998931698996784689 5197
2.09799999999998920685584380408 5032
2.09899999999998909672171976126 4985
2.09999999999998898658759571845 5029
2.10099999999998887645347167563 4793
2.10199999999998876631934763282 4840
2.10299999999998865618522359 4897
2.10399999999998854605109954719 4839
2.10499999999998843591697550437 4727
2.10599999999998832578285146155 4588
2.10699999999998821564872741874 4582
2.10799999999998810551460337592 4581
2.10899999999998799538047933311 4454
2.10999999999998788524635529029 4462
2.11099999999998777511223124748 4412
2.11199999999998766497810720466 4463
2.11299999999998755484398316185 4476
2.11399999999998744470985911903 4294
2.11499999999998733457573507621 4257
2.1159999999999872244416110334 4243
2.11699999999998711430748699058 4314
2.11799999999998700417336294777 4215
2.11899999999998689403923890495 4178
2.11999999999998678390511486214 4065
2.12099999999998667377099081932 3960
2.12199999999998656363686677651 4018
2.12299999999998645350274273369 4002
2.12399999999998634336861869087 3917
2.12499999999998623323449464806 3879
2.12599999999998612310037060524 3846
2.12699999999998601296624656243 3988
2.12799999999998590283212251961 3862
2.1289999999999857926979984768 3844
2.12999999999998568256387443398 3803
2.13099999999998557242975039117 3687
2.13199999999998546229562634835 3678
2.13299999999998535216150230553 3711
2.13399999999998524202737826272 3716
2.1349999999999851318932542199 3683
2.13599999999998502175913017709 3682
2.13699999999998491162500613427 3534
2.13799999999998480149088209146 3525
2.13899999999998469135675804864 3576
2.13999999999998458122263400583 3499
2.14099999999998447108850996301 3527
2.14199999999998436095438592019 3522
2.14299999999998425082026187738 3473
2.14399999999998414068613783456 3450
2.14499999999998403055201379175 3469
2.14599999999998392041788974893 3452
2.14699999999998381028376570612 3396
2.1479999999999837001496416633 3411
2.14899999999998359001551762049 3398
2.14999999999998347988139357767 3381
2.15099999999998336974726953486 3326
2.15199999999998325961314549204 3313
2.15299999999998314947902144922 3370
2.15399999999998303934489740641 3295
2.15499999999998292921077336359 3241
2.15599999999998281907664932078 3201
2.15699999999998270894252527796 3201
2.15799999999998259880840123515 3097
2.15899999999998248867427719233 3084
2.15999999999998237854015314952 3114
2.1609999999999822684060291067 3050
2.16199999999998215827190506388 3064
2.16299999999998204813778102107 3053
2.16399999999998193800365697825 3043
2.16499999999998182786953293544 3008
2.16599999999998171773540889262 2956
2.16699999999998160760128484981 2864
2.16799999999998149746716080699 2948
2.16899999999998138733303676418 2938
2.16999999999998127719891272136 2888
2.17099999999998116706478867854 2917
2.17199999999998105693066463573 2893
2.17299999999998094679654059291 2851
2.1739999999999808366624165501 2818
2.17499999999998072652829250728 2704
2.17599999999998061639416846447 2675
2.17699999999998050626004442165 2701
2.17799999999998039612592037884 2693
2.17899999999998028599179633602 2678
2.1799999999999801758576722932 2733
2.18099999999998006572354825039 2712
2.18199999999997995558942420757 2684
2.18299999999997984545530016476 2644
2.18399999999997973532117612194 2696
2.18499999999997962518705207913 2684
2.18599999999997951505292803631 2661
2.1869999999999794049188039935 2649
2.18799999999997929478467995068 2601
2.18899999999997918465055590787 2565
2.18999999999997907451643186505 2596
2.19099999999997896438230782223 2610
2.19199999999997885424818377942 2622
2.1929999999999787441140597366 2617
2.19399999999997863397993569379 2601
2.19499999999997852384581165097 2562
2.19599999999997841371168760816 2487
2.19699999999997830357756356534 2433
2.19799999999997819344343952253 2454
2.19899999999997808330931547971 2481
2.19999999999997797317519143689 2480
2.20099999999997786304106739408 2474
2.20199999999997775290694335126 2431
2.20299999999997764277281930845 2432
2.20399999999997753263869526563 2444
2.20499999999997742250457122282 2419
2.20599999999997731237044718 2466
2.20699999999997720223632313719 2464
2.20799999999997709210219909437 2439
2.20899999999997698196807505155 2430
2.20999999999997687183395100874 2397
2.21099999999997676169982696592 2390
2.21199999999997665156570292311 2389
2.21299999999997654143157888029 2379
2.21399999999997643129745483748 2290
2.21499999999997632116333079466 2273
2.21599999999997621102920675185 2278
2.21699999999997610089508270903 2242
2.21799999999997599076095866621 2224
2.2189999999999758806268346234 2231
2.21999999999997577049271058058 2183
2.22099999999997566035858653777 2195
2.22199999999997555022446249495 2220
2.22299999999997544009033845214 2177
2.22399999999997532995621440932 2202
2.22499999999997521982209036651 2183
2.22599999999997510968796632369 2169
2.22699999999997499955384228087 2179
2.22799999999997488941971823806 2193
2.22899999999997477928559419524 2158
2.22999999999997466915147015243 2134
2.23099999999997455901734610961 2096
2.2319999999999744488832220668 2116
2.23299999999997433874909802398 2075
2.23399999999997422861497398117 2076
2.23499999999997411848084993835 2069
2.23599999999997400834672589554 2040
2.23699999999997389821260185272 2001
2.2379999999999737880784778099 1974
2.23899999999997367794435376709 2019
2.23999999999997356781022972427 2015
2.24099999999997345767610568146 2008
2.24199999999997334754198163864 2033
2.24299999999997323740785759583 2028
2.24399999999997312727373355301 2020
2.2449999999999730171396095102 1980
2.24599999999997290700548546738 1951
2.24699999999997279687136142456 1920
2.24799999999997268673723738175 1940
2.24899999999997257660311333893 1956
2.24999999999997246646898929612 1989
2.2509999999999723563348652533 1990
2.25199999999997224620074121049 1944
2.25299999999997213606661716767 1902
2.25399999999997202593249312486 1911
2.25499999999997191579836908204 1888
2.25599999999997180566424503922 1892
2.25699999999997169553012099641 1906
2.25799999999997158539599695359 1888
2.25899999999997147526187291078 1872
2.25999999999997136512774886796 1861
2.26099999999997125499362482515 1857
2.26199999999997114485950078233 1881
2.26299999999997103472537673952 1877
2.2639999999999709245912526967 1902
2.26499999999997081445712865388 1847
2.26599999999997070432300461107 1860
2.26699999999997059418888056825 1878
2.26799999999997048405475652544 1857
2.26899999999997037392063248262 1838
2.26999999999997026378650843981 1868
2.27099999999997015365238439699 1876
2.27199999999997004351826035418 1843
2.27299999999996993338413631136 1803
2.27399999999996982325001226855 1809
2.27499999999996971311588822573 1814
2.27599999999996960298176418291 1807
2.2769999999999694928476401401 1782
2.27799999999996938271351609728 1789
2.27899999999996927257939205447 1809
2.27999999999996916244526801165 1845
2.28099999999996905231114396884 1817
2.28199999999996894217701992602 1824
2.28299999999996883204289588321 1790
2.28399999999996872190877184039 1762
2.28499999999996861177464779757 1739
2.28599999999996850164052375476 1702
2.28699999999996839150639971194 1687
2.28799999999996828137227566913 1705
2.28899999999996817123815162631 1728
2.2899999999999680611040275835 1753
2.29099999999996795096990354068 1766
2.29199999999996784083577949787 1737
2.29299999999996773070165545505 1697
2.29399999999996762056753141223 1695
2.29499999999996751043340736942 1699
2.2959999999999674002992833266 1718
2.29699999999996729016515928379 1688
2.29799999999996718003103524097 1659
2.29899999999996706989691119816 1637
2.29999999999996695976278715534 1664
2.30099999999996684962866311253 1655
2.30199999999996673949453906971 1673
2.30299999999996662936041502689 1645
2.30399999999996651922629098408 1614
2.30499999999996640909216694126 1601
2.30599999999996629895804289845 1593
2.30699999999996618882391885563 1600
2.30799999999996607868979481282 1577
2.30899999999996596855567077 1566
2.30999999999996585842154672719 1581
2.31099999999996574828742268437 1571
2.31199999999996563815329864156 1592
2.31299999999996552801917459874 1579
2.31399999999996541788505055592 1581
2.31499999999996530775092651311 1546
2.31599999999996519761680247029 1524
2.31699999999996508748267842748 1539
2.31799999999996497734855438466 1510
2.31899999999996486721443034185 1505
2.31999999999996475708030629903 1480
2.32099999999996464694618225622 1450
2.3219999999999645368120582134 1458
2.32299999999996442667793417058 1456
2.32399999999996431654381012777 1453
2.32499999999996420640968608495 1458
2.32599999999996409627556204214 1455
2.32699999999996398614143799932 1451
2.32799999999996387600731395651 1436
2.32899999999996376587318991369 1472
2.32999999999996365573906587088 1514
2.33099999999996354560494182806 1500
2.33199999999996343547081778524 1476
2.33299999999996332533669374243 1459
2.33399999999996321520256969961 1436
2.3349999999999631050684456568 1430
2.33599999999996299493432161398 1449
2.33699999999996288480019757117 1459
2.33799999999996277466607352835 1452
2.33899999999996266453194948554 1475
2.33999999999996255439782544272 1416
2.3409999999999624442637013999 1395
2.34199999999996233412957735709 1399
2.34299999999996222399545331427 1404
2.34399999999996211386132927146 1396
2.34499999999996200372720522864 1377
2.34599999999996189359308118583 1390
2.34699999999996178345895714301 1361
2.3479999999999616733248331002 1329
2.34899999999996156319070905738 1367
2.34999999999996145305658501456 1367
2.35099999999996134292246097175 1407
2.35199999999996123278833692893 1421
2.35299999999996112265421288612 1415
2.3539999999999610125200888433 1406
2.35499999999996090238596480049 1375
2.35599999999996079225184075767 1356
2.35699999999996068211771671486 1381
2.35799999999996057198359267204 1367
2.35899999999996046184946862923 1378
2.35999999999996035171534458641 1366
2.36099999999996024158122054359 1375
2.36199999999996013144709650078 1374
2.36299999999996002131297245796 1398
2.36399999999995991117884841515 1407
2.36499999999995980104472437233 1397
2.36599999999995969091060032952 1383
2.3669999999999595807764762867 1364
2.36799999999995947064235224389 1318
2.36899999999995936050822820107 1305
2.36999999999995925037410415825 1264
2.37099999999995914023998011544 1281
2.37199999999995903010585607262 1291
2.37299999999995891997173202981 1311
2.37399999999995880983760798699 1299
2.37499999999995869970348394418 1265
2.37599999999995858956935990136 1280
2.37699999999995847943523585855 1284
2.37799999999995836930111181573 1282
2.37899999999995825916698777291 1281
2.3799999999999581490328637301 1270
2.38099999999995803889873968728 1261
2.38199999999995792876461564447 1243
2.38299999999995781863049160165 1255
2.38399999999995770849636755884 1271
2.38499999999995759836224351602 1283
2.38599999999995748822811947321 1259
2.38699999999995737809399543039 1243
2.38799999999995726795987138757 1221
2.38899999999995715782574734476 1248
2.38999999999995704769162330194 1244
2.39099999999995693755749925913 1261
2.39199999999995682742337521631 1261
2.3929999999999567172892511735 1245
2.39399999999995660715512713068 1241
2.39499999999995649702100308787 1220
2.39599999999995638688687904505 1231
2.39699999999995627675275500224 1226
2.39799999999995616661863095942 1242
2.3989999999999560564845069166 1257
2.39999999999995594635038287379 1289
2.40099999999995583621625883097 1271
2.40199999999995572608213478816 1243
2.40299999999995561594801074534 1211
2.40399999999995550581388670253 1199
2.40499999999995539567976265971 1187
2.4059999999999552855456386169 1168
2.40699999999995517541151457408 1168
2.40799999999995506527739053126 1186
2.40899999999995495514326648845 1170
2.40999999999995484500914244563 1161
2.41099999999995473487501840282 1127
2.41199999999995462474089436 1120
2.41299999999995451460677031719 1086
2.41399999999995440447264627437 1072
2.41499999999995429433852223156 1115
2.41599999999995418420439818874 1100
2.41699999999995407407027414592 1100
2.41799999999995396393615010311 1121
2.41899999999995385380202606029 1160
2.41999999999995374366790201748 1147
2.42099999999995363353377797466 1158
2.42199999999995352339965393185 1159
2.42299999999995341326552988903 1148
2.42399999999995330313140584622 1132
2.4249999999999531929972818034 1151
2.42599999999995308286315776058 1155
2.42699999999995297272903371777 1160
2.42799999999995286259490967495 1182
2.42899999999995275246078563214 1183
2.42999999999995264232666158932 1192
2.43099999999995253219253754651 1156
2.43199999999995242205841350369 1140
2.43299999999995231192428946088 1106
2.43399999999995220179016541806 1127
2.43499999999995209165604137524 1133
2.43599999999995198152191733243 1138
2.43699999999995187138779328961 1137
2.4379999999999517612536692468 1114
2.43899999999995165111954520398 1149
2.43999999999995154098542116117 1152
2.44099999999995143085129711835 1148
2.44199999999995132071717307554 1128
2.44299999999995121058304903272 1142
2.44399999999995110044892498991 1124
2.44499999999995099031480094709 1105
2.44599999999995088018067690427 1087
2.44699999999995077004655286146 1071
2.44799999999995065991242881864 1062
2.44899999999995054977830477583 1059
2.44999999999995043964418073301 1091
2.4509999999999503295100566902 1111
2.45199999999995021937593264738 1113
2.45299999999995010924180860457 1109
2.45399999999994999910768456175 1132
2.45499999999994988897356051893 1115
2.45599999999994977883943647612 1091
2.4569999999999496687053124333 1090
2.45799999999994955857118839049 1092
2.45899999999994944843706434767 1087
2.45999999999994933830294030486 1074
2.46099999999994922816881626204 1046
2.46199999999994911803469221923 1036
2.46299999999994900790056817641 1025
2.46399999999994889776644413359 1022
2.46499999999994878763232009078 1016
2.46599999999994867749819604796 1005
2.46699999999994856736407200515 1027
2.46799999999994845722994796233 1036
2.46899999999994834709582391952 1041
2.4699999999999482369616998767 1045
2.47099999999994812682757583389 1046
2.47199999999994801669345179107 1043
2.47299999999994790655932774825 1049
2.47399999999994779642520370544 1042
2.47499999999994768629107966262 1038
2.47599999999994757615695561981 1041
2.47699999999994746602283157699 1050
2.47799999999994735588870753418 1051
2.47899999999994724575458349136 1041
2.47999999999994713562045944855 1066
2.48099999999994702548633540573 1047
2.48199999999994691535221136292 1036
2.4829999999999468052180873201 1022
2.48399999999994669508396327728 995
2.48499999999994658494983923447 979
2.48599999999994647481571519165 963
2.48699999999994636468159114884 969
2.48799999999994625454746710602 980
2.48899999999994614441334306321 970
2.48999999999994603427921902039 977
2.49099999999994592414509497758 939
2.49199999999994581401097093476 943
2.49299999999994570387684689194 952
2.49399999999994559374272284913 965
2.49499999999994548360859880631 960
2.4959999999999453734744747635 986
2.49699999999994526334035072068 987
2.49799999999994515320622667787 972
2.49899999999994504307210263505 994
2.49999999999994493293797859224 996
2.50099999999994482280385454942 983
2.5019999999999447126697305066 1002
2.50299999999994460253560646379 1024
2.50399999999994449240148242097 996
2.50499999999994438226735837816 972
2.50599999999994427213323433534 966
2.50699999999994416199911029253 947
2.50799999999994405186498624971 965
2.5089999999999439417308622069 966
2.50999999999994383159673816408 979
2.51099999999994372146261412126 979
2.51199999999994361132849007845 975
2.51299999999994350119436603563 961
2.51399999999994339106024199282 966
2.51499999999994328092611795 949
2.51599999999994317079199390719 959
2.51699999999994306065786986437 964
2.51799999999994295052374582156 962
2.51899999999994284038962177874 969
2.51999999999994273025549773593 974
2.52099999999994262012137369311 955
2.52199999999994250998724965029 962
2.52299999999994239985312560748 966
2.52399999999994228971900156466 927
2.52499999999994217958487752185 899
2.52599999999994206945075347903 894
2.52699999999994195931662943622 877
2.5279999999999418491825053934 889
2.52899999999994173904838135059 890
2.52999999999994162891425730777 893
2.53099999999994151878013326495 884
2.53199999999994140864600922214 911
2.53299999999994129851188517932 908
2.53399999999994118837776113651 898
2.53499999999994107824363709369 918
2.53599999999994096810951305088 905
2.53699999999994085797538900806 921
2.53799999999994074784126496525 920
2.53899999999994063770714092243 929
2.53999999999994052757301687961 923
2.5409999999999404174388928368 923
2.54199999999994030730476879398 924
2.54299999999994019717064475117 930
2.54399999999994008703652070835 912
2.54499999999993997690239666554 914
2.54599999999993986676827262272 901
2.54699999999993975663414857991 914
2.54799999999993964650002453709 933
2.54899999999993953636590049427 917
2.54999999999993942623177645146 900
2.55099999999993931609765240864 890
2.55199999999993920596352836583 893
2.55299999999993909582940432301 908
2.5539999999999389856952802802 927
2.55499999999993887556115623738 904
2.55599999999993876542703219457 909
2.55699999999993865529290815175 917
2.55799999999993854515878410893 928
2.55899999999993843502466006612 945
2.5599999999999383248905360233 940
2.56099999999993821475641198049 943
2.56199999999993810462228793767 932
2.56299999999993799448816389486 921
2.56399999999993788435403985204 923
2.56499999999993777421991580923 913
2.56599999999993766408579176641 907
2.5669999999999375539516677236 915
2.56799999999993744381754368078 909
2.56899999999993733368341963796 899
2.56999999999993722354929559515 886
2.57099999999993711341517155233 871
2.57199999999993700328104750952 852
2.5729999999999368931469234667 856
2.57399999999993678301279942389 855
2.57499999999993667287867538107 854
2.57599999999993656274455133826 852
2.57699999999993645261042729544 844
2.57799999999993634247630325262 855
2.57899999999993623234217920981 835
2.57999999999993612220805516699 825
2.58099999999993601207393112418 818
2.58199999999993590193980708136 806
2.58299999999993579180568303855 838
2.58399999999993568167155899573 808
2.58499999999993557153743495292 801
2.5859999999999354614033109101 782
2.58699999999993535126918686728 806
2.58799999999993524113506282447 799
2.58899999999993513100093878165 789
2.58999999999993502086681473884 772
2.59099999999993491073269069602 783
2.59199999999993480059856665321 769
2.59299999999993469046444261039 778
2.59399999999993458033031856758 761
2.59499999999993447019619452476 788
2.59599999999993436006207048194 786
2.59699999999993424992794643913 796
2.59799999999993413979382239631 789
2.5989999999999340296596983535 795
2.59999999999993391952557431068 795
2.60099999999993380939145026787 802
2.60199999999993369925732622505 809
2.60299999999993358912320218224 809
2.60399999999993347898907813942 831
2.60499999999993336885495409661 822
2.60599999999993325872083005379 847
2.60699999999993314858670601097 843
2.60799999999993303845258196816 841
2.60899999999993292831845792534 832
2.60999999999993281818433388253 839
2.61099999999993270805020983971 834
2.6119999999999325979160857969 821
2.61299999999993248778196175408 820
2.61399999999993237764783771127 806
2.61499999999993226751371366845 796
2.61599999999993215737958962563 785
2.61699999999993204724546558282 775
2.61799999999993193711134154 769
2.61899999999993182697721749719 758
2.61999999999993171684309345437 777
2.62099999999993160670896941156 778
2.62199999999993149657484536874 765
2.62299999999993138644072132593 781
2.62399999999993127630659728311 762
2.62499999999993116617247324029 765
2.62599999999993105603834919748 765
2.62699999999993094590422515466 771
2.62799999999993083577010111185 755
2.62899999999993072563597706903 744
2.62999999999993061550185302622 769
2.6309999999999305053677289834 780
2.63199999999993039523360494059 761
2.63299999999993028509948089777 758
2.63399999999993017496535685495 765
2.63499999999993006483123281214 759
2.63599999999992995469710876932 753
2.63699999999992984456298472651 738
2.63799999999992973442886068369 734
2.63899999999992962429473664088 739
2.63999999999992951416061259806 737
2.64099999999992940402648855525 742
2.64199999999992929389236451243 752
2.64299999999992918375824046961 757
2.6439999999999290736241164268 765
2.64499999999992896348999238398 758
2.64599999999992885335586834117 758
2.64699999999992874322174429835 757
2.64799999999992863308762025554 761
2.64899999999992852295349621272 739
2.64999999999992841281937216991 732
2.65099999999992830268524812709 710
2.65199999999992819255112408428 696
2.65299999999992808241700004146 703
2.65399999999992797228287599864 684
2.65499999999992786214875195583 675
2.65599999999992775201462791301 694
2.6569999999999276418805038702 710
2.65799999999992753174637982738 728
2.65899999999992742161225578457 732
2.65999999999992731147813174175 730
2.66099999999992720134400769894 734
2.66199999999992709120988365612 726
2.6629999999999269810757596133 742
2.66399999999992687094163557049 731
2.66499999999992676080751152767 720
2.66599999999992665067338748486 708
2.66699999999992654053926344204 709
2.66799999999992643040513939923 710
2.66899999999992632027101535641 726
2.6699999999999262101368913136 710
2.67099999999992610000276727078 716
2.67199999999992598986864322796 706
2.67299999999992587973451918515 712
2.67399999999992576960039514233 705
2.67499999999992565946627109952 714
2.6759999999999255493321470567 726
2.67699999999992543919802301389 711
2.67799999999992532906389897107 702
2.67899999999992521892977492826 719
2.67999999999992510879565088544 724
2.68099999999992499866152684262 716
2.68199999999992488852740279981 715
2.68299999999992477839327875699 733
2.68399999999992466825915471418 738
2.68499999999992455812503067136 719
2.68599999999992444799090662855 721
2.68699999999992433785678258573 727
2.68799999999992422772265854292 721
2.6889999999999241175885345001 719
2.68999999999992400745441045729 726
2.69099999999992389732028641447 720
2.69199999999992378718616237165 717
2.69299999999992367705203832884 718
2.69399999999992356691791428602 712
2.69499999999992345678379024321 689
2.69599999999992334664966620039 699
2.69699999999992323651554215758 681
2.69799999999992312638141811476 685
2.69899999999992301624729407195 676
2.69999999999992290611317002913 672
2.70099999999992279597904598631 676
2.7019999999999226858449219435 694
2.70299999999992257571079790068 690
2.70399999999992246557667385787 702
2.70499999999992235544254981505 701
2.70599999999992224530842577224 688
2.70699999999992213517430172942 698
2.70799999999992202504017768661 694
2.70899999999992191490605364379 687
2.70999999999992180477192960097 691
2.71099999999992169463780555816 681
2.71199999999992158450368151534 685
2.71299999999992147436955747253 684
2.71399999999992136423543342971 689
2.7149999999999212541013093869 688
2.71599999999992114396718534408 682
2.71699999999992103383306130127 690
2.71799999999992092369893725845 678
2.71899999999992081356481321563 680
2.71999999999992070343068917282 689
2.72099999999992059329656513 686
2.72199999999992048316244108719 671
2.72299999999992037302831704437 664
2.72399999999992026289419300156 650
2.72499999999992015276006895874 661
2.72599999999992004262594491593 652
2.72699999999991993249182087311 652
2.7279999999999198223576968303 658
2.72899999999991971222357278748 647
2.72999999999991960208944874466 628
2.73099999999991949195532470185 637
2.73199999999991938182120065903 627
2.73299999999991927168707661622 627
2.7339999999999191615529525734 634
2.73499999999991905141882853059 637
2.73599999999991894128470448777 634
2.73699999999991883115058044496 633
2.73799999999991872101645640214 633
2.73899999999991861088233235932 644
2.73999999999991850074820831651 633
2.74099999999991839061408427369 646
2.74199999999991828047996023088 658
2.74299999999991817034583618806 648
2.74399999999991806021171214525 651
2.74499999999991795007758810243 650
2.74599999999991783994346405962 656
2.7469999999999177298093400168 673
2.74799999999991761967521597398 690
2.74899999999991750954109193117 686
2.74999999999991739940696788835 696
2.75099999999991728927284384554 696
2.75199999999991717913871980272 685
2.75299999999991706900459575991 686
2.75399999999991695887047171709 672
2.75499999999991684873634767428 659
2.75599999999991673860222363146 657
2.75699999999991662846809958864 644
2.75799999999991651833397554583 642
2.75899999999991640819985150301 633
2.7599999999999162980657274602 642
2.76099999999991618793160341738 650
2.76199999999991607779747937457 659
2.76299999999991596766335533175 655
2.76399999999991585752923128894 668
2.76499999999991574739510724612 660
2.7659999999999156372609832033 653
2.76699999999991552712685916049 649
2.76799999999991541699273511767 645
2.76899999999991530685861107486 630
2.76999999999991519672448703204 634
2.77099999999991508659036298923 618
2.77199999999991497645623894641 623
2.7729999999999148663221149036 620
2.77399999999991475618799086078 635
2.77499999999991464605386681797 640
2.77599999999991453591974277515 635
2.77699999999991442578561873233 617
2.77799999999991431565149468952 615
2.7789999999999142055173706467 622
2.77999999999991409538324660389 626
2.78099999999991398524912256107 623
2.78199999999991387511499851826 624
2.78299999999991376498087447544 616
2.78399999999991365484675043263 622
2.78499999999991354471262638981 611
2.78599999999991343457850234699 607
2.78699999999991332444437830418 587
2.78799999999991321431025426136 591
2.78899999999991310417613021855 590
2.78999999999991299404200617573 601
2.79099999999991288390788213292 593
2.7919999999999127737737580901 587
2.79299999999991266363963404729 594
2.79399999999991255350551000447 596
2.79499999999991244337138596165 605
2.79599999999991233323726191884 604
2.79699999999991222310313787602 610
2.79799999999991211296901383321 610
2.79899999999991200283488979039 627
2.79999999999991189270076574758 628
2.80099999999991178256664170476 619
2.80199999999991167243251766195 622
2.80299999999991156229839361913 613
2.80399999999991145216426957631 628
2.8049999999999113420301455335 617
2.80599999999991123189602149068 600
2.80699999999991112176189744787 592
2.80799999999991101162777340505 584
2.80899999999991090149364936224 587
2.80999999999991079135952531942 576
2.81099999999991068122540127661 569
2.81199999999991057109127723379 572
2.81299999999991046095715319098 588
2.81399999999991035082302914816 583
2.81499999999991024068890510534 584
2.81599999999991013055478106253 589
2.81699999999991002042065701971 596
2.8179999999999099102865329769 592
2.81899999999990980015240893408 589
2.81999999999990969001828489127 582
2.82099999999990957988416084845 580
2.82199999999990946975003680564 579
2.82299999999990935961591276282 599
2.82399999999990924948178872 602
2.82499999999990913934766467719 606
2.82599999999990902921354063437 614
2.82699999999990891907941659156 611
2.82799999999990880894529254874 618
2.82899999999990869881116850593 640
2.82999999999990858867704446311 634
2.8309999999999084785429204203 636
2.83199999999990836840879637748 628
2.83299999999990825827467233466 628
2.83399999999990814814054829185 619
2.83499999999990803800642424903 615
2.83599999999990792787230020622 604
2.8369999999999078177381761634 608
2.83799999999990770760405212059 595
2.83899999999990759746992807777 586
2.83999999999990748733580403496 594
2.84099999999990737720167999214 585
2.84199999999990726706755594932 581
2.84299999999990715693343190651 578
2.84399999999990704679930786369 579
2.84499999999990693666518382088 586
2.84599999999990682653105977806 593
2.84699999999990671639693573525 597
2.84799999999990660626281169243 596
2.84899999999990649612868764962 599
2.8499999999999063859945636068 599
2.85099999999990627586043956398 597
2.85199999999990616572631552117 592
2.85299999999990605559219147835 569
2.85399999999990594545806743554 565
2.85499999999990583532394339272 562
2.85599999999990572518981934991 565
2.85699999999990561505569530709 571
2.85799999999990550492157126428 579
2.85899999999990539478744722146 563
2.85999999999990528465332317865 560
2.86099999999990517451919913583 556
2.86199999999990506438507509301 541
2.8629999999999049542509510502 527
2.86399999999990484411682700738 538
2.86499999999990473398270296457 543
2.86599999999990462384857892175 531
2.86699999999990451371445487894 531
2.86799999999990440358033083612 555
2.86899999999990429344620679331 550
2.86999999999990418331208275049 546
2.87099999999990407317795870767 558
2.87199999999990396304383466486 569
2.87299999999990385290971062204 559
2.87399999999990374277558657923 546
2.87499999999990363264146253641 551
2.8759999999999035225073384936 533
2.87699999999990341237321445078 515
2.87799999999990330223909040797 511
2.87899999999990319210496636515 507
2.87999999999990308197084232233 505
2.88099999999990297183671827952 498
2.8819999999999028617025942367 493
2.88299999999990275156847019389 495
2.88399999999990264143434615107 493
2.88499999999990253130022210826 502
2.88599999999990242116609806544 495
2.88699999999990231103197402263 494
2.88799999999990220089784997981 504
2.88899999999990209076372593699 499
2.88999999999990198062960189418 500
2.89099999999990187049547785136 499
2.89199999999990176036135380855 496
2.89299999999990165022722976573 494
2.89399999999990154009310572292 476
2.8949999999999014299589816801 490
2.89599999999990131982485763729 502
2.89699999999990120969073359447 496
2.89799999999990109955660955166 496
2.89899999999990098942248550884 500
2.89999999999990087928836146602 506
2.90099999999990076915423742321 508
2.90199999999990065902011338039 509
2.90299999999990054888598933758 527
2.90399999999990043875186529476 531
2.90499999999990032861774125195 525
2.90599999999990021848361720913 534
2.90699999999990010834949316632 534
2.9079999999998999982153691235 541
2.90899999999989988808124508068 536
2.90999999999989977794712103787 540
2.91099999999989966781299699505 546
2.91199999999989955767887295224 553
2.91299999999989944754474890942 550
2.91399999999989933741062486661 553
2.91499999999989922727650082379 557
2.91599999999989911714237678098 566
2.91699999999989900700825273816 561
2.91799999999989889687412869534 552
2.91899999999989878674000465253 558
2.91999999999989867660588060971 554
2.9209999999998985664717565669 565
2.92199999999989845633763252408 566
2.92299999999989834620350848127 562
2.92399999999989823606938443845 566
2.92499999999989812593526039564 562
2.92599999999989801580113635282 549
2.92699999999989790566701231 541
2.92799999999989779553288826719 539
2.92899999999989768539876422437 545
2.92999999999989757526464018156 536
2.93099999999989746513051613874 524
2.93199999999989735499639209593 520
2.93299999999989724486226805311 530
2.9339999999998971347281440103 510
2.93499999999989702459401996748 524
2.93599999999989691445989592467 527
2.93699999999989680432577188185 521
2.93799999999989669419164783903 516
2.93899999999989658405752379622 519
2.9399999999998964739233997534 526
2.94099999999989636378927571059 537
2.94199999999989625365515166777 535
2.94299999999989614352102762496 546
2.94399999999989603338690358214 546
2.94499999999989592325277953933 543
2.94599999999989581311865549651 538
2.94699999999989570298453145369 537
2.94799999999989559285040741088 547
2.94899999999989548271628336806 544
2.94999999999989537258215932525 543
2.95099999999989526244803528243 531
2.95199999999989515231391123962 529
2.9529999999998950421797871968 537
2.95399999999989493204566315399 534
2.95499999999989482191153911117 542
2.95599999999989471177741506835 528
2.95699999999989460164329102554 521
2.95799999999989449150916698272 519
2.95899999999989438137504293991 523
2.95999999999989427124091889709 515
2.96099999999989416110679485428 512
2.96199999999989405097267081146 515
2.96299999999989394083854676865 508
2.96399999999989383070442272583 507
2.96499999999989372057029868301 505
2.9659999999998936104361746402 505
2.96699999999989350030205059738 503
2.96799999999989339016792655457 497
2.96899999999989328003380251175 500
2.96999999999989316989967846894 499
2.97099999999989305976555442612 504
2.97199999999989294963143038331 508
2.97299999999989283949730634049 511
2.97399999999989272936318229767 518
2.97499999999989261922905825486 515
2.97599999999989250909493421204 518
2.97699999999989239896081016923 505
2.97799999999989228882668612641 513
2.9789999999998921786925620836 510
2.97999999999989206855843804078 512
2.98099999999989195842431399797 524
2.98199999999989184829018995515 515
2.98299999999989173815606591234 514
2.98399999999989162802194186952 515
2.9849999999998915178878178267 500
2.98599999999989140775369378389 496
2.98699999999989129761956974107 495
2.98799999999989118748544569826 501
2.98899999999989107735132165544 492
2.98999999999989096721719761263 494
2.99099999999989085708307356981 496
2.991999999999890746948949527 508
2.99299999999989063681482548418 513
2.99399999999989052668070144136 515
2.99499999999989041654657739855 512
2.99599999999989030641245335573 512
2.99699999999989019627832931292 512
2.9979999999998900861442052701 512
2.99899999999988997601008122729 520
2.99999999999988986587595718447 517
