2.00099999999999988986587595718 49770.2708675763788050971925259
2.00199999999999977973175191437 49541.5972446384330396540462971
2.00299999999999966959762787155 49313.9742815606005024164915085
2.00399999999999955946350382874 49087.3971509993207291699945927
2.00499999999999944932937978592 48861.8610477906622691079974174
2.00599999999999933919525574311 48637.3611888484083465300500393
2.00699999999999922906113170029 48413.8928130626300117000937462
2.00799999999999911892700765748 48191.4511811987249529920518398
2.00899999999999900879288361466 47970.0315757968783145770430565
2.00999999999999889865875957184 47749.6293010720401071012020111
2.01099999999999878852463552903 47530.2396828143464517779648304
2.01199999999999867839051148621 47311.8580682899482781067490578
2.0129999999999985682563874434 47094.4798261423857184126973152
2.01399999999999845812226340058 46878.1003462943554040975868702
2.01499999999999834798813935777 46662.7150398499143193475902081
2.01599999999999823785401531495 46448.3193389972002478316426277
2.01699999999999812771989127214 46234.9086969115378451533615589
2.01799999999999801758576722932 46022.4785876589958206750452518
2.0189999999999979074516431865 45811.0245061004316085018217564
2.01999999999999779731751914369 45600.5419677959507680498063564
2.02099999999999768718339510087 45391.0265089097738382406532764
2.02199999999999757704927105806 45182.4736861155761289410293102
2.02299999999999746691514701524 44974.8790765022931736893951893
2.02399999999999735678102297243 44768.2382774802390486001968384
2.02499999999999724664689892961 44562.5469066878504236228764057
2.0259999999999971365127748868 44357.8006018986343406140804291
2.02699999999999702637865084398 44153.9950209287417237646877766
2.02799999999999691624452680117 43951.1258415448464802466332912
2.02899999999999680611040275835 43749.1887613724538823589682579
2.02999999999999669597627871553 43548.1794978046964388340711594
2.03099999999999658584215467272 43348.0937879115153918974101543
2.0319999999999964757080306299 43148.9273883492205641232430935
2.03299999999999636557390658709 42950.6760752705085906200110912
2.03399999999999625543978254427 42753.3356442349104327149689198
2.03499999999999614530565850146 42556.901910119580861646682024
2.03599999999999603517153445864 42361.3707070305972592905163765
2.03699999999999592503741041583 42166.737888214564009103924036
2.03799999999999581490328637301 41972.9993259706825483590364456
2.03899999999999570476916233019 41780.1509115632288740016520023
2.03999999999999559463503828738 41588.1885551343948463909327984
2.04099999999999548450091424456 41397.1081856175733264535665512
2.04199999999999537436679020175 41206.905750650992558803409338
2.04299999999999526423266615893 41017.5772164918089401908218861
2.04399999999999515409854211612 40829.1185679305344820022583008
2.0449999999999950439644180733 40641.5258082058935542590916157
2.04599999999999493383029403049 40454.7949589200652553699910641
2.04699999999999482369616998767 40268.9220599542968557216227055
2.04799999999999471356204594485 40083.9031693849319708533585072
2.04899999999999460342792190204 39899.7343633998243603855371475
2.04999999999999449329379785922 39716.4117362150864209979772568
2.05099999999999438315967381641 39533.9313999922815128229558468
2.05199999999999427302554977359 39352.2894847559728077612817287
2.05299999999999416289142573078 39171.4821383116432116366922855
2.05399999999999405275730168796 38991.5055261640081880614161491
2.05499999999999394262317764515 38812.3558314356778282672166824
2.05599999999999383248905360233 38634.0292547862190986052155495
2.05699999999999372235492955951 38456.5220143315964378416538239
2.0579999999999936122208055167 38279.8303455639470485039055347
2.05899999999999350208668147388 38103.9505012717418139800429344
2.05999999999999339195255743107 37928.8787514603463932871818542
2.06099999999999328181843338825 37754.6113832728733541443943977
2.06199999999999317168430934544 37581.1447009114635875448584557
2.06299999999999306155018530262 37408.4750255589169682934880257
2.06399999999999295141606125981 37236.5986953006649855524301529
2.06499999999999284128193721699 37065.5120650470998953096568584
2.06599999999999273114781317418 36895.2115064562894986011087894
2.06699999999999262101368913136 36725.693407856997509952634573
2.06799999999999251087956508854 36556.9541741721332073211669922
2.06899999999999240074544104573 36388.9902268424848443828523159
2.06999999999999229061131700291 36221.7980037507950328290462494
2.0709999999999921804771929601 36055.3739591462872340343892574
2.07199999999999207034306891728 35889.7145635694032534956932068
2.07299999999999196020894487447 35724.8163037769918446429073811
2.07399999999999185007482083165 35560.6756826677883509546518326
2.07499999999999173994069678884 35397.2892192082435940392315388
2.07599999999999162980657274602 35234.6534483587092836387455463
2.0769999999999915196724487032 35072.7649209999362938106060028
2.07799999999999140953832466039 34911.6202038599512889049947262
2.07899999999999129940420061757 34751.2158794412316638045012951
2.07999999999999118927007657476 34591.5485459482297301292419434
2.08099999999999107913595253194 34432.6148172152243205346167088
2.08199999999999096900182848913 34274.4113226345070870593190193
2.08299999999999085886770444631 34116.9347070849253213964402676
2.0839999999999907487335804035 33960.1816308606794336810708046
2.08499999999999063859945636068 33804.1487696005497127771377563
2.08599999999999052846533231786 33648.8328142173559172078967094
2.08699999999999041833120827505 33494.2304708278024918399751186
2.08799999999999030819708423223 33340.3384606826002709567546844
2.08899999999999019806296018942 33187.1535200969447032548487186
2.0899999999999900879288361466 33034.6724003813142189756035805
2.09099999999998997779471210379 32882.8918677725450834259390831
2.09199999999998986766058806097 32731.8087033652809623163193464
2.09299999999998975752646401816 32581.4197030436771456152200699
2.09399999999998964739233997534 32431.7216774134685692843049765
2.09499999999998953725821593252 32282.7114517343361512757837772
2.09599999999998942712409188971 32134.3858658525496139191091061
2.09699999999998931698996784689 31986.7417741339850181248039007
2.09799999999998920685584380408 31839.7760453973787662107497454
2.09899999999998909672171976126 31693.4855628479417646303772926
2.09999999999998898658759571845 31547.8672240112646250054240227
2.10099999999998887645347167563 31402.9179406675102654844522476
2.10199999999998876631934763282 31258.6346387859084643423557281
2.10299999999998865618522359 31115.0142584595996595453470945
2.10399999999998854605109954719 30972.0537538407115789595991373
2.10499999999998843591697550437 30829.7500930757523747161030769
2.10599999999998832578285146155 30688.1002582413639174774289131
2.10699999999998821564872741874 30547.1012452802606276236474514
2.10799999999998810551460337592 30406.7500639375684841070324183
2.10899999999998799538047933311 30267.0437376973532082047313452
2.10999999999998788524635529029 30127.9793037195704528130590916
2.11099999999998777511223124748 29989.5538127771651488728821278
2.11199999999998766497810720466 29851.7643291935455636121332645
2.11299999999998755484398316185 29714.6079307803411211352795362
2.11399999999998744470985911903 29578.0817087754076055716723204
2.11499999999998733457573507621 29442.1827677811706962529569864
2.1159999999999872244416110334 29306.9082257031659537460654974
2.11699999999998711430748699058 29172.2552136889717075973749161
2.11799999999998700417336294777 29038.2208760673456708900630474
2.11899999999998689403923890495 28904.8023702876489551272243261
2.11999999999998678390511486214 28771.996866859604779165238142
2.12099999999998667377099081932 28639.8015492932245251722633839
2.12199999999998656363686677651 28508.2136140391448861919343472
2.12299999999998645350274273369 28377.2302704291323607321828604
2.12399999999998634336861869087 28246.8487406169042515102773905
2.12499999999998623323449464806 28117.0662595192370645236223936
2.12599999999998612310037060524 27987.8800747573041007854044437
2.12699999999998601296624656243 27859.2874465982895344495773315
2.12799999999998590283212251961 27731.2856478973408229649066925
2.1289999999999857926979984768 27603.871964039673912338912487
2.12999999999998568256387443398 27477.0436928830458782613277435
2.13099999999998557242975039117 27350.7981447004021902102977037
2.13199999999998546229562634835 27225.1326421228841354604810476
2.13299999999998535216150230553 27100.0445200830254179891198874
2.13399999999998524202737826272 26975.5311257582143298350274563
2.1349999999999851318932542199 26851.5898185144797025714069605
2.13599999999998502175913017709 26728.2179698504296538885682821
2.13699999999998491162500613427 26605.4129633415650459937751293
2.13799999999998480149088209146 26483.1721945847457391209900379
2.13899999999998469135675804864 26361.4930711429988150484859943
2.13999999999998458122263400583 26240.3730124904977856203913689
2.14099999999998447108850996301 26119.8094499578619434032589197
2.14199999999998436095438592019 25999.7998266776776290498673916
2.14299999999998425082026187738 25880.341597530263243243098259
2.14399999999998414068613783456 25761.432229089707107050344348
2.14499999999998403055201379175 25643.0691995701308769639581442
2.14599999999998392041788974893 25525.2499987722076184581965208
2.14699999999998381028376570612 25407.9721280299236241262406111
2.1479999999999837001496416633 25291.2331001576058042701333761
2.14899999999998359001551762049 25175.0304393971455283463001251
2.14999999999998347988139357767 25059.3616813655244186520576477
2.15099999999998336974726953486 24944.224373002522042952477932
2.15199999999998325961314549204 24829.616072518721921369433403
2.15299999999998314947902144922 24715.5343493436921562533825636
2.15399999999998303934489740641 24601.9767840744716522749513388
2.15499999999998292921077336359 24488.9409684242382354568690062
2.15599999999998281907664932078 24376.4245051712496206164360046
2.15699999999998270894252527796 24264.425008107988105621188879
2.15799999999998259880840123515 24152.9401019905744760762900114
2.15899999999998248867427719233 24041.9674224883710849098861217
2.15999999999998237854015314952 23931.5046161338614183478057384
2.1609999999999822684060291067 23821.549340272733388701453805
2.16199999999998215827190506388 23712.0992630141845438629388809
2.16299999999998204813778102107 23603.1520631814782973378896713
2.16399999999998193800365697825 23494.7054302627257129643112421
2.16499999999998182786953293544 23386.7570643618673784658312798
2.16599999999998171773540889262 23279.304676149909937521442771
2.16699999999998160760128484981 23172.3459868163663486484438181
2.16799999999998149746716080699 23065.8787280209362506866455078
2.16899999999998138733303676418 22959.9006418454009690321981907
2.16999999999998127719891272136 22854.4094807457222486846148968
2.17099999999998116706478867854 22749.4030075044029217679053545
2.17199999999998105693066463573 22644.8789951830149220768362284
2.17299999999998094679654059291 22540.83522707498923409730196
2.1739999999999808366624165501 22437.2694966585913789458572865
2.17499999999998072652829250728 22334.1796075501406448893249035
2.17599999999998061639416846447 22231.5633734574221307411789894
2.17699999999998050626004442165 22129.4186181333170679863542318
2.17799999999998039612592037884 22027.7431753296586975920945406
2.17899999999998028599179633602 21926.5348887512773217167705297
2.1799999999999801758576722932 21825.7916120102963759563863277
2.18099999999998006572354825039 21725.5112085805740207433700562
2.18199999999997995558942420757 21625.6915517524357710499316454
2.18299999999997984545530016476 21526.3305245875344553496688604
2.18399999999997973532117612194 21427.4260198739757470320910215
2.18499999999997962518705207913 21328.9759400816365086939185858
2.18599999999997951505292803631 21230.9781973176504834555089474
2.1869999999999794049188039935 21133.4307132821559207513928413
2.18799999999997929478467995068 21036.3314192242141871247440577
2.18899999999997918465055590787 20939.6782558979248278774321079
2.18999999999997907451643186505 20843.4691735187843733001500368
2.19099999999997896438230782223 20747.7021317201579222455620766
2.19199999999997885424818377942 20652.3750995100817817728966475
2.1929999999999787441140597366 20557.4860552281243144534528255
2.19399999999997863397993569379 20463.0329865025596518535166979
2.19499999999997852384581165097 20369.0138902076541853602975607
2.19599999999997841371168760816 20275.4267724212113535031676292
2.19699999999997830357756356534 20182.2696483822692243847995996
2.19799999999997819344343952253 20089.5405424490163568407297134
2.19899999999997808330931547971 19997.2374880568931985180824995
2.19999999999997797317519143689 19905.3585276768826588522642851
2.20099999999997786304106739408 19813.9017127739971328992396593
2.20199999999997775290694335126 19722.8651037659437861293554306
2.20299999999997764277281930845 19632.2467699820190318860113621
2.20399999999997753263869526563 19542.0447896221267001237720251
2.20499999999997742250457122282 19452.2572497160545026417821646
2.20599999999997731237044718 19362.8822460828851035330444574
2.20699999999997720223632313719 19273.9178832906181924045085907
2.20799999999997709210219909437 19185.3622746159635426010936499
2.20899999999997698196807505155 19097.2135420043523481581360102
2.20999999999997687183395100874 19009.4698160300868039485067129
2.21099999999997676169982696592 18922.1292358566934126429259777
2.21199999999997665156570292311 18835.1899491974691045470535755
2.21299999999997654143157888029 18748.6501122762056184001266956
2.21399999999997643129745483748 18662.5078897880557633470743895
2.21499999999997632116333079466 18576.7614548606543394271284342
2.21599999999997621102920675185 18491.4089890153372834902256727
2.21699999999997610089508270903 18406.448682128597283735871315
2.21799999999997599076095866621 18321.8787323936921893619000912
2.2189999999999758806268346234 18237.6973462824171292595565319
2.21999999999997577049271058058 18153.9027385070949094370007515
2.22099999999997566035858653777 18070.4931319826901017222553492
2.22199999999997555022446249495 17987.4667577891414111945778131
2.22299999999997544009033845214 17904.8218551338286488316953182
2.22399999999997532995621440932 17822.5566713142397929914295673
2.22499999999997521982209036651 17740.6694616807981219608336687
2.22599999999997510968796632369 17659.1584895998748834244906902
2.22699999999997499955384228087 17578.0220264169329311698675156
2.22799999999997488941971823806 17497.258351419888640521094203
2.22899999999997477928559419524 17416.8657518026120669674128294
2.22999999999997466915147015243 17336.8425226286053657531738281
2.23099999999997455901734610961 17257.1869667948340065777301788
2.2319999999999744488832220668 17177.8973949957544391509145498
2.23299999999997433874909802398 17098.9721256874654500279575586
2.23399999999997422861497398117 17020.4094850520668842364102602
2.23499999999997411848084993835 16942.2078069621493341401219368
2.23599999999997400834672589554 16864.3654329454657272435724735
2.23699999999997389821260185272 16786.8807121497557091061025858
2.2379999999999737880784778099 16709.7520013077337353024631739
2.23899999999997367794435376709 16632.9776647022445104084908962
2.23999999999997356781022972427 16556.5560741315712220966815948
2.24099999999997345767610568146 16480.4856088749038462992757559
2.24199999999997334754198163864 16404.7646556579675234388560057
2.24299999999997323740785759583 16329.3916086188037297688424587
2.24399999999997312727373355301 16254.3648692737333476543426514
2.2449999999999730171396095102 16179.682846483425237238407135
2.24599999999997290700548546738 16105.3439564191849058261141181
2.24699999999997279687136142456 16031.3466225293377647176384926
2.24799999999997268673723738175 15957.6892755058179318439215422
2.24899999999997257660311333893 15884.3703532508607167983427644
2.24999999999997246646898929612 15811.3883008439042896497994661
2.2509999999999723563348652533 15738.741570508584118215367198
2.25199999999997224620074121049 15666.4286215799329511355608702
2.25299999999997213606661716767 15594.4479204716881213244050741
2.25399999999997202593249312486 15522.7979406437807483598589897
2.25499999999997191579836908204 15451.4771625699540891218930483
2.25599999999997180566424503922 15380.4840737055401405086740851
2.25699999999997169553012099641 15309.8171684553835802944377065
2.25799999999997158539599695359 15239.4749481419112271396443248
2.25899999999997147526187291078 15169.4559209733470197534188628
2.25999999999997136512774886796 15099.7586020120725152082741261
2.26099999999997125499362482515 15030.3815131431456393329426646
2.26199999999997114485950078233 14961.3231830429358524270355701
2.26299999999997103472537673952 14892.5821471479357569478452206
2.2639999999999709245912526967 14824.1569476236982154659926891
2.26499999999997081445712865388 14756.0461333339153497945517302
2.26599999999997070432300461107 14688.2482598096376023022457957
2.26699999999997059418888056825 14620.7618892186601442517712712
2.26799999999997048405475652544 14553.5855903350056905765086412
2.26899999999997037392063248262 14486.7179385085946705657988787
2.26999999999997026378650843981 14420.1575156350063480203971267
2.27099999999997015365238439699 14353.9029101254291163058951497
2.27199999999997004351826035418 14287.9527168767071998445317149
2.27299999999996993338413631136 14222.3055372415492456639185548
2.27399999999996982325001226855 14156.9599789988660631934180856
2.27499999999996971311588822573 14091.9146563242375123081728816
2.27599999999996960298176418291 14027.1681897605321864830330014
2.2769999999999694928476401401 13962.719206188654425204731524
2.27799999999996938271351609728 13898.5663387984041037270799279
2.27899999999996927257939205447 13834.7082270595183217665180564
2.27999999999996916244526801165 13771.143516692789489752613008
2.28099999999996905231114396884 13707.8708596413689519977197051
2.28199999999996894217701992602 13644.888914042157921358011663
2.28299999999996883204289588321 13582.1963441973639419302344322
2.28399999999996872190877184039 13519.7918205461664911126717925
2.28499999999996861177464779757 13457.6740196365244628395885229
2.28599999999996850164052375476 13395.841624097103704116307199
2.28699999999996839150639971194 13334.2933226093409757595509291
2.28799999999996828137227566913 13273.0278098796370613854378462
2.28899999999996817123815162631 13212.0437866116717486875131726
2.2899999999999680611040275835 13151.3399594788461399730294943
2.29099999999996795096990354068 13090.9150410968595679150894284
2.29199999999996784083577949787 13030.7677499964102025842294097
2.29299999999996773070165545505 12970.8968105960011598654091358
2.29399999999996762056753141223 12911.3009531749066809425130486
2.29499999999996751043340736942 12851.978913846241994178853929
2.2959999999999674002992833266 12792.9294345301495923195034266
2.29699999999996729016515928379 12734.1512629271255718776956201
2.29799999999996718003103524097 12675.6431524914569308748468757
2.29899999999996706989691119816 12617.4038624047880148282274604
2.29999999999996695976278715534 12559.4321575498142919968813658
2.30099999999996684962866311253 12501.7268084840670780977234244
2.30199999999996673949453906971 12444.2865914138619700679555535
2.30299999999996662936041502689 12387.1102881683327723294496536
2.30399999999996651922629098408 12330.1966861736000282689929008
2.30499999999996640909216694126 12273.5445784270523290615528822
2.30599999999996629895804289845 12217.1527634717567707411944866
2.30699999999996618882391885563 12161.0200453709712746785953641
2.30799999999996607868979481282 12105.1452336827824183274060488
2.30899999999996596855567077 12049.5271434348633192712441087
2.30999999999996585842154672719 11994.1645950993406586349010468
2.31099999999996574828742268437 11939.0564145677726628491654992
2.31199999999996563815329864156 11884.2014331262653286103159189
2.31299999999996552801917459874 11829.5984874306705023627728224
2.31399999999996541788505055592 11775.2464194819240219658240676
2.31499999999996530775092651311 11721.1440766014839027775451541
2.31599999999996519761680247029 11667.2903114068849390605464578
2.31699999999996508748267842748 11613.6839817874042637413367629
2.31799999999996497734855438466 11560.3239508798396855127066374
2.31899999999996486721443034185 11507.2090870444044412579387426
2.31999999999996475708030629903 11454.3382638407256308710202575
2.32099999999996464694618225622 11401.7103600039481534622609615
2.3219999999999645368120582134 11349.3242594209641538327559829
2.32299999999996442667793417058 11297.1788511067406943766400218
2.32399999999996431654381012777 11245.2730291807529283687472343
2.32499999999996420640968608495 11193.6056928435446025105193257
2.32599999999996409627556204214 11142.1757463533613190520554781
2.32699999999996398614143799932 11090.9820990029347740346565843
2.32799999999996387600731395651 11040.02366509633793612010777
2.32899999999996376587318991369 10989.2993639259584597311913967
2.32999999999996365573906587088 10938.808119749593970482237637
2.33099999999996354560494182806 10888.5488617676219291752204299
2.33199999999996343547081778524 10838.5205241003004630329087377
2.33299999999996332533669374243 10788.7220457651546894339844584
2.33399999999996321520256969961 10739.1523706544885499170050025
2.3349999999999631050684456568 10689.8104475129766797181218863
2.33599999999996299493432161398 10640.6952299153745116200298071
2.33699999999996288480019757117 10591.8056762443193292710930109
2.33799999999996277466607352835 10543.1407496682568307733163238
2.33899999999996266453194948554 10494.699418119425899931229651
2.33999999999996255439782544272 10446.4806542719998105894774199
2.3409999999999624442637013999 10398.4834355202783626737073064
2.34199999999996233412957735709 10350.7067439570073474897071719
2.34299999999996222399545331427 10303.1495663517944194609299302
2.34399999999996211386132927146 10255.8108941296177363255992532
2.34499999999996200372720522864 10208.6897233494346437510102987
2.34599999999996189359308118583 10161.7850546828922233544290066
2.34699999999996178345895714301 10115.095893393139704130589962
2.3479999999999616733248331002 10068.6212493137190904235467315
2.34899999999996156319070905738 10022.3601368275813001673668623
2.34999999999996145305658501456 9976.31157484616960573475807905
2.35099999999996134292246097175 9930.47458678862676606513559818
2.35199999999996123278833692893 9884.84820056106946140062063932
2.35299999999996112265421288612 9839.43144853598641930148005486
2.3539999999999610125200888433 9794.22336753170748124830424786
2.35499999999996090238596480049 9749.22299879198362759780138731
2.35599999999996079225184075767 9704.42938796564340009354054928
2.35699999999996068211771671486 9659.8415850863693776773288846
2.35799999999996057198359267204 9615.45864455253831692971289158
2.35899999999996046184946862923 9571.27962510717225086409598589
2.35999999999996035171534458641 9527.30358981797689921222627163
2.36099999999996024158122054359 9483.52960605746739020105451345
2.36199999999996013144709650078 9439.95674548320130270440131426
2.36299999999996002131297245796 9396.58408401807355403434485197
2.36399999999995991117884841515 9353.41070183073134103324264288
2.36499999999995980104472437233 9310.43568331606184074189513922
2.36599999999995969091060032952 9267.65811707577813649550080299
2.3669999999999595807764762867 9225.07709589908699854277074337
2.36799999999995947064235224389 9182.691716743445795145817101
2.36899999999995936050822820107 9140.50108071542490506544709206
2.36999999999995925037410415825 9098.50429305162469972856342793
2.37099999999995914023998011544 9056.70046309971803566440939903
2.37199999999995903010585607262 9015.08870429954731662292033434
2.37299999999995891997173202981 8973.66813416433251404669135809
2.37399999999995880983760798699 8932.43787426194830914027988911
2.37499999999995869970348394418 8891.39705019630673632491379976
2.37599999999995858956935990136 8850.54479158879439637530595064
2.37699999999995847943523585855 8809.88023205983154184650629759
2.37799999999995836930111181573 8769.40250921048755117226392031
2.37899999999995825916698777291 8729.11076460419826616998761892
2.3799999999999581490328637301 8689.00414374855427013244479895
2.38099999999995803889873968728 8649.08179607718011538963764906
2.38199999999995792876461564447 8609.34287493170268135145306587
2.38299999999995781863049160165 8569.78653754379229212645441294
2.38399999999995770849636755884 8530.41194501728023169562220573
2.38499999999995759836224351602 8491.21826231038176047150045633
2.38599999999995748822811947321 8452.20465821797733951825648546
2.38699999999995737809399543039 8413.37030535399026121012866497
2.38799999999995726795987138757 8374.71438013383703946601599455
2.38899999999995715782574734476 8336.23606275695965450722724199
2.38999999999995704769162330194 8297.93453718944510910660028458
2.39099999999995693755749925913 8259.80899114671410643495619297
2.39199999999995682742337521631 8221.85861607629340142011642456
2.3929999999999567172892511735 8184.08260714067546359729021788
2.39399999999995660715512713068 8146.48016320024089509388431907
2.39499999999995649702100308787 8109.05048679627543606329709291
2.39599999999995638688687904505 8071.79278413405336323194205761
2.39699999999995627675275500224 8034.70626506600547145353630185
2.39799999999995616661863095942 7997.79014307495890534482896328
2.3989999999999560564845069166 7961.04363525746248342329636216
2.39999999999995594635038287379 7924.46596230717659636866301298
2.40099999999995583621625883097 7888.05634849834768829168751836
2.40199999999995572608213478816 7851.81402166936368303140625358
2.40299999999995561594801074534 7815.73821320636852760799229145
2.40399999999995550581388670253 7779.82815802696768514579162002
2.40499999999995539567976265971 7744.08309456399820192018523812
2.4059999999999552855456386169 7708.50226474938517640111967921
2.40699999999995517541151457408 7673.0849139980564359575510025
2.40799999999995506527739053126 7637.83029119194452505325898528
2.40899999999995495514326648845 7602.73764866405690554529428482
2.40999999999995484500914244563 7567.80624218261527857976034284
2.41099999999995473487501840282 7533.0353309352803989895619452
2.41199999999995462474089436 7498.42417751343509735306724906
2.41299999999995451460677031719 7463.97204789654551859712228179
2.41399999999995440447264627437 7429.67821143659602967090904713
2.41499999999995429433852223156 7395.54194084259506780654191971
2.41599999999995418420439818874 7361.56251216514738189289346337
2.41699999999995407407027414592 7327.739204781108128372579813
2.41799999999995396393615010311 7294.07130137828880833694711328
2.41899999999995385380202606029 7260.55808794025506358593702316
2.41999999999995374366790201748 7227.19885373117813287535682321
2.42099999999995363353377797466 7193.99289128076361521380022168
2.42199999999995352339965393185 7160.93949636925117374630644917
2.42299999999995341326552988903 7128.0379680124706283095292747
2.42399999999995330313140584622 7095.28760844698808796238154173
2.4249999999999531929972818034 7062.68772311529482976766303182
2.42599999999995308286315776058 7030.23762065108985552797093987
2.42699999999995297272903371777 6997.93661286460792325669899583
2.42799999999995286259490967495 6965.7840147280285236774943769
2.42899999999995275246078563214 6933.77914436095215933164581656
2.42999999999995264232666158932 6901.92132301593028387287631631
2.43099999999995253219253754651 6870.20987506407800537999719381
2.43199999999995242205841350369 6838.64412798074408783577382565
2.43299999999995231192428946088 6807.22341233124552672961726785
2.43399999999995220179016541806 6775.94706175667306524701416492
2.43499999999995209165604137524 6744.8144129597567371092736721
2.43599999999995198152191733243 6713.82480569080416898941621184
2.43699999999995187138779328961 6682.97758273369254311546683311
2.4379999999999517612536692468 6652.27208989193422894459217787
2.43899999999995165111954520398 6621.70767597479789401404559612
2.43999999999995154098542116117 6591.28369278350692184176295996
2.44099999999995143085129711835 6560.99949509748421405674889684
2.44199999999995132071717307554 6530.85444066067248058971017599
2.44299999999995121058304903272 6500.84789016791273752460256219
2.44399999999995110044892498991 6470.97920725138737907400354743
2.44499999999995099031480094709 6441.24775846712418569950386882
2.44599999999995088018067690427 6411.65291328155944938771426678
2.44699999999995077004655286146 6382.19404405816658254479989409
2.44799999999995065991242881864 6352.87052604415293899364769459
2.44899999999995054977830477583 6323.68173735719665273791179061
2.44999999999995043964418073301 6294.62705897227351670153439045
2.4509999999999503295100566902 6265.70587470851387479342520237
2.45199999999995021937593264738 6236.91757121614500647410750389
2.45299999999995010924180860457 6208.26153796348171454155817628
2.45399999999994999910768456175 6179.73716722397603007266297936
2.45499999999994988897356051893 6151.34385406332785350969061255
2.45599999999994977883943647612 6123.08099632666016987059265375
2.4569999999999496687053124333 6094.94799462574610515730455518
2.45799999999994955857118839049 6066.94425232629600941436365247
2.45899999999994944843706434767 6039.06917553530729492194950581
2.45999999999994933830294030486 6011.32217308846793457632884383
2.46099999999994922816881626204 5983.70265653761816793121397495
2.46199999999994911803469221923 5956.21004013827041490003466606
2.46299999999994900790056817641 5928.84374083719285408733412623
2.46399999999994889776644413359 5901.60317826003847585525363684
2.46499999999994878763232009078 5874.4877746990341620403341949
2.46599999999994867749819604796 5847.49695510073706827824935317
2.46699999999994856736407200515 5820.63014705383557156892493367
2.46799999999994845722994796233 5793.88678077700660651316866279
2.46899999999994834709582391952 5767.26628910683393769431859255
2.4699999999999482369616998767 5740.76810748578282073140144348
2.47099999999994812682757583389 5714.39167395022468554088845849
2.47199999999994801669345179107 5688.13642911851729877525940537
2.47299999999994790655932774825 5662.00181617914404341718181968
2.47399999999994779642520370544 5635.98728087890776805579662323
2.47499999999994768629107966262 5610.09227151116920140339061618
2.47599999999994757615695561981 5584.31623890415448840940371156
2.47699999999994746602283157699 5558.65863640930183464661240578
2.47799999999994735588870753418 5533.11891988967363431584089994
2.47899999999994724575458349136 5507.69654770841316349105909467
2.47999999999994713562045944855 5482.3909807172603905200958252
2.48099999999994702548633540573 5457.2016822451141706551425159
2.48199999999994691535221136292 5432.12811808665537682827562094
2.4829999999999468052180873201 5407.16975649101550516206771135
2.48399999999994669508396327728 5382.32606815049621218349784613
2.48499999999994658494983923447 5357.59652618935069767758250237
2.48599999999994647481571519165 5332.9806061526041958131827414
2.48699999999994636468159114884 5308.47778599493449291912838817
2.48799999999994625454746710602 5284.08754606960064847953617573
2.48899999999994614441334306321 5259.80936911741991934832185507
2.48999999999994603427921902039 5235.64274025579925364581868052
2.49099999999994592414509497758 5211.58714696781862585339695215
2.49199999999994581401097093476 5187.64207909135802765376865864
2.49299999999994570387684689194 5163.80702880827902845339849591
2.49399999999994559374272284913 5140.08149063365635811351239681
2.49499999999994548360859880631 5116.46496140505587391089648008
2.4959999999999453734744747635 5092.95694027186618768610060215
2.49699999999994526334035072068 5069.5569286846757677267305553
2.49799999999994515320622667787 5046.26443038469733437523245811
2.49899999999994504307210263505 5023.07895139324682531878352165
2.49999999999994493293797859224 5000.00000000126874510897323489
2.50099999999994482280385454942 4977.02708675889971345895901322
2.5019999999999447126697305066 4954.15972446510022564325481653
2.50299999999994460253560646379 4931.39742815731096925446763635
2.50399999999994449240148242097 4908.73971510117735306266695261
2.50499999999994438226735837816 4886.18610478030586818931624293
2.50599999999994427213323433534 4863.73611888607410946860909462
2.50699999999994416199911029253 4841.38928130749081901740282774
2.50799999999994405186498624971 4819.14511812109503807732835412
2.5089999999999439417308622069 4797.00315758090437157079577446
2.50999999999994383159673816408 4774.96293010841509385500103235
2.51099999999994372146261412126 4753.02396828263954375870525837
2.51199999999994361132849007845 4731.18580683019445132231339812
2.51299999999994350119436603563 4709.44798261543292028363794088
2.51399999999994339106024199282 4687.81003463062370428815484047
2.51499999999994328092611795 4666.27150398617504833964630961
2.51599999999994317079199390719 4644.83193390089763852301985025
2.51699999999994306065786986437 4623.49086969232575938804075122
2.51799999999994295052374582156 4602.24785876706573617411777377
2.51899999999994284038962177874 4581.10245061120531318010762334
2.51999999999994273025549773593 4560.05419678075122646987438202
2.52099999999994262012137369311 4539.10265089212862221756950021
2.52199999999994250998724965029 4518.24736861270412191515788436
2.52299999999994239985312560748 4497.48790765136982372496277094
2.52399999999994228971900156466 4476.82382774916004564147442579
2.52499999999994217958487752185 4456.25469066991536237765103579
2.52599999999994206945075347903 4435.78006019098847900750115514
2.52699999999994195931662943622 4415.39950209399466984905302525
2.5279999999999418491825053934 4395.11258415559950663009658456
2.52899999999994173904838135059 4374.91887613835478987311944366
2.52999999999994162891425730777 4354.81794978157449804712086916
2.53099999999994151878013326495 4334.80937879225166398100554943
2.53199999999994140864600922214 4314.89273883601617853855714202
2.53299999999994129851188517932 4295.06760752814079751260578632
2.53399999999994118837776113651 4275.33356442457534285495057702
2.53499999999994107824363709369 4255.69019101303820207249373198
2.53599999999994096810951305088 4236.13707070413420296972617507
2.53699999999994085797538900806 4216.67378882252523908391594887
2.53799999999994074784126496525 4197.29993259813272743485867977
2.53899999999994063770714092243 4178.0150911573828125256113708
2.53999999999994052757301687961 4158.81885551449431659420952201
2.5409999999999404174388928368 4139.71081856280670763226225972
2.54199999999994030730476879398 4120.69057506614444719161838293
2.54299999999994019717064475117 4101.75772165022135595791041851
2.54399999999994008703652070835 4082.911856794088635069783777
2.54499999999993997690239666554 4064.15258082162017672089859843
2.54599999999993986676827262272 4045.479495893031980813248083
2.54699999999993975663414857991 4026.89220599645068432437255979
2.54799999999993964650002453709 4008.39031693951028501032851636
2.54899999999993953636590049427 3989.97343634099479459109716117
2.54999999999993942623177645146 3971.6411736225159074820112437
2.55099999999993931609765240864 3953.39314000023068729205988348
2.55199999999993920596352836583 3935.22894847659517836291342974
2.55299999999993909582940432301 3917.14821383215803507482632995
2.5539999999999389856952802802 3899.15055261738962144590914249
2.55499999999993887556115623738 3881.23558314455158324562944472
2.55599999999993876542703219457 3863.40292547960143565433099866
2.55699999999993865529290815175 3845.65220143413489495287649333
2.55799999999993854515878410893 3827.98303455736549949506297708
2.55899999999993843502466006612 3810.39505012814061046810820699
2.5599999999999383248905360233 3792.88787514699652092531323433
2.56099999999993821475641198049 3775.46113832824448763858526945
2.56199999999993810462228793767 3758.11447009209950920194387436
2.56299999999993799448816389486 3740.84750255684002695488743484
2.56399999999993788435403985204 3723.65986953101082690409384668
2.56499999999993777421991580923 3706.55120650565004325471818447
2.56599999999993766408579176641 3689.52115064656436516088433564
2.5669999999999375539516677236 3672.56934078663107356987893581
2.56799999999993744381754368078 3655.69541741814055058057419956
2.56899999999993733368341963796 3638.89902268517107586376368999
2.56999999999993722354929559515 3622.17980037599818388116545975
2.57099999999993711341517155233 3605.53739591554267462925054133
2.57199999999993700328104750952 3588.97145635785045669763348997
2.5729999999999368931469234667 3572.48163037860558688407763839
2.57399999999993678301279942389 3556.06756826768105383962392807
2.57499999999993667287867538107 3539.72892192172230352298356593
2.57599999999993656274455133826 3523.46534483676396121154539287
2.57699999999993645261042729544 3507.27649210088293330045416951
2.57799999999993634247630325262 3491.16202038688106767949648201
2.57899999999993623234217920981 3475.12158794500464864540845156
2.57999999999993612220805516699 3459.15485459570027160225436091
2.58099999999993601207393112418 3443.26148172239527411875315011
2.58199999999993590193980708136 3427.44113226432000374188646674
2.58299999999993579180568303855 3411.69347070935691590420901775
2.58399999999993568167155899573 3396.01816308692878010333515704
2.58499999999993557153743495292 3380.41487696091235193307511508
2.5859999999999354614033109101 3364.88328142258933439734391868
2.58699999999993535126918686728 3349.42304708362962628598324955
2.58799999999993524113506282447 3334.03384606910549337044358253
2.58899999999993513100093878165 3318.71535201053575292462483048
2.58999999999993502086681473884 3303.46724003896906651789322495
2.59099999999993491073269069602 3288.2891867780886059335898608
2.59199999999993480059856665321 3273.18087033735764634911902249
2.59299999999993469046444261039 3258.14197030519380859914235771
2.59399999999993458033031856758 3243.17216774216922203777357936
2.59499999999993447019619452476 3228.27114517425206940970383584
2.59599999999993436006207048194 3213.4385865860699595941696316
2.59699999999993424992794643913 3198.67417741420968013699166477
2.59799999999993413979382239631 3183.97760454054514411836862564
2.5989999999999340296596983535 3169.34855628559762408258393407
2.59999999999993391952557431068 3154.78672240192645404022186995
2.60099999999993380939145026787 3140.29179406754747105878777802
2.60199999999993369925732622505 3125.86346387938374391524121165
2.60299999999993358912320218224 3111.50142584674949830514378846
2.60399999999993347898907813942 3097.20537538485632467200048268
2.60499999999993336885495409661 3082.9750093083571300667244941
2.60599999999993325872083005379 3068.810025824914646364049986
2.60699999999993314858670601097 3054.71012452880040655145421624
2.60799999999993303845258196816 3040.67500639452737232204526663
2.60899999999993292831845792534 3026.70437377050302529823966324
2.60999999999993281818433388253 3012.79793037272156652761623263
2.61099999999993270805020983971 2998.9553812784765796095598489
2.6119999999999325979160857969 2985.17643292011143785202875733
2.61299999999993248778196175408 2971.46079307878744657500647008
2.61399999999993237764783771127 2957.80817087829109368612989783
2.61499999999993226751371366845 2944.21827677886358287651091814
2.61599999999993215737958962563 2930.69082257105947064701467752
2.61699999999993204724546558282 2917.22552136963668090174905956
2.61799999999993193711134154 2903.82208760747062115115113556
2.61899999999993182697721749719 2890.48023702949831204023212194
2.61999999999993171684309345437 2877.19968668668980171787552536
2.62099999999993160670896941156 2863.98015493004822928924113512
2.62199999999993149657484536874 2850.82136140463717310922220349
2.62299999999993138644072132593 2837.72302704363301018020138144
2.62399999999993127630659728311 2824.68487406240683412761427462
2.62499999999993116617247324029 2811.70662595263729599537327886
2.62599999999993105603834919748 2798.7880074764398159459233284
2.62699999999993094590422515466 2785.92874466053535797982476652
2.62799999999993083577010111185 2773.12856479043739454937167466
2.62899999999993072563597706903 2760.38719640466752025531604886
2.62999999999993061550185302622 2747.7043692890010788687504828
2.6309999999999305053677289834 2735.07981447073370873113162816
2.63199999999993039523360494059 2722.51326421297881097416393459
2.63299999999993028509948089777 2710.00445200898957409663125873
2.63399999999993017496535685495 2697.55311257650600964552722871
2.63499999999993006483123281214 2685.15898185212881799088791013
2.63599999999992995469710876932 2672.82179698572053894167765975
2.63699999999992984456298472651 2660.54129633483080397127196193
2.63799999999992973442886068369 2648.317219459146144799888134
2.63899999999992962429473664088 2636.14930711496845106012187898
2.63999999999992951416061259806 2624.03730124971480108797550201
2.64099999999992940402648855525 2611.98094499644821553374640644
2.64199999999992929389236451243 2599.97998266842660086695104837
2.64299999999992918375824046961 2588.03415975368261570110917091
2.6439999999999290736241164268 2576.14322290962400074931792915
2.64499999999992896348999238398 2564.3069199576634673576336354
2.64599999999992885335586834117 2552.52499987786768542719073594
2.64699999999992874322174429835 2540.79721280363673940883018076
2.64799999999992863308762025554 2529.12331001640177419176325202
2.64899999999992852295349621272 2517.50304394035310906474478543
2.64999999999992841281937216991 2505.93616813718790581333450973
2.65099999999992830268524812709 2494.42243730088512165821157396
2.65199999999992819255112408428 2482.96160725250183531898073852
2.65299999999992808241700004146 2471.55343493499594842432998121
2.65399999999992797228287599864 2460.19767840807071479503065348
2.65499999999992786214875195583 2448.89409684304473557858727872
2.65599999999992775201462791301 2437.64245051774287276202812791
2.6569999999999276418805038702 2426.44250081141399277839809656
2.65799999999992753174637982738 2415.29401019966962849139235914
2.65899999999992742161225578457 2404.19674224944674278958700597
2.65999999999992731147813174175 2393.15046161399322954821400344
2.66099999999992720134400769894 2382.15493402787751620053313673
2.66199999999992709120988365612 2371.20992630201953943469561636
2.6629999999999269810757596133 2360.31520631874673199490644038
2.66399999999992687094163557049 2349.47054302686865412397310138
2.66499999999992676080751152767 2338.67570643677981934160925448
2.66599999999992665067338748486 2327.93046761558116486412473023
2.66699999999992654053926344204 2317.23459868222425939165987074
2.66799999999992643040513939923 2306.58787280267870301031507552
2.66899999999992632027101535641 2295.99006418512226446182467043
2.6699999999999262101368913136 2285.4409480751523915387224406
2.67099999999992610000276727078 2274.94030075101727561559528112
2.67199999999992598986864322796 2264.4878995188760200107935816
2.67299999999992587973451918515 2254.08352270807063177926465869
2.67399999999992576960039514233 2243.72694966642802683054469526
2.67499999999992565946627109952 2233.41796075558022494078613818
2.6759999999999255493321470567 2223.15633734630591789027675986
2.67699999999992543919802301389 2212.9418618138929559790994972
2.67799999999992532906389897107 2202.77431753352448140503838658
2.67899999999992521892977492826 2192.65348887568370628287084401
2.67999999999992510879565088544 2182.57916120158279227325692773
2.68099999999992499866152684262 2172.55112085860855586361140013
2.68199999999992488852740279981 2162.56915517579182051122188568
2.68299999999992477839327875699 2152.63305245929905140656046569
2.68399999999992466825915471418 2142.74260198794127063592895865
2.68499999999992455812503067136 2132.89759400870434546959586442
2.68599999999992444799090662855 2123.09781973230337825953029096
2.68699999999992433785678258573 2113.34307132875164825236424804
2.68799999999992422772265854292 2103.6331419229545645066536963
2.6889999999999241175885345001 2093.96782559032362769357860088
2.68999999999992400745441045729 2084.34691735240676280227489769
2.69099999999992389732028641447 2074.77021317254229870741255581
2.69199999999992378718616237165 2065.23750995153204712551087141
2.69299999999992367705203832884 2055.74860552333393570734187961
2.69399999999992356691791428602 2046.30329865077487738744821399
2.69499999999992345678379024321 2036.90138902128205700137186795
2.69599999999992334664966620039 2027.54267724263513628102373332
2.69699999999992323651554215758 2018.22696483873869510716758668
2.69799999999992312638141811476 2008.95405424541104366653598845
2.69899999999992301624729407195 1999.72374880619668147119227797
2.69999999999992290611317002913 1990.53585276819330829312093556
2.70099999999992279597904598631 1981.3901712779020272137131542
2.7019999999999226858449219435 1972.28651037709437332523521036
2.70299999999992257571079790068 1963.22467699869957868941128254
2.70399999999992246557667385787 1954.20447896270820820063818246
2.70499999999992235544254981505 1945.22572497209876019041985273
2.70599999999992224530842577224 1936.28822460877950106805656105
2.70699999999992213517430172942 1927.39178832955053621844854206
2.70799999999992202504017768661 1918.53622746208293392555788159
2.70899999999992191490605364379 1909.72135420091990454238839447
2.70999999999992180477192960097 1900.94698160349071258679032326
2.71099999999992169463780555816 1892.21292358614914519421290606
2.71199999999992158450368151534 1883.5189949202247134962817654
2.71299999999992147436955747253 1874.86501122809568187221884727
2.71399999999992136423543342971 1866.25078897927892285224515945
2.7149999999999212541013093869 1857.67614548653659767296630889
2.71599999999992114396718534408 1849.14089890200261834252160043
2.71699999999992103383306130127 1840.64486821332661747874226421
2.71799999999992092369893725845 1832.18787323983383430459070951
2.71899999999992081356481321563 1823.76973462870432740601245314
2.71999999999992070343068917282 1815.3902738511701500101480633
2.72099999999992059329656513 1807.04931319872753192612435669
2.72199999999992048316244108719 1798.74667577937020723766181618
2.72299999999992037302831704437 1790.48218551383683916355948895
2.72399999999992026289419300156 1782.25566713187572531751357019
2.72499999999992015276006895874 1774.06694616852973922505043447
2.72599999999992004262594491593 1765.9158489604351416346617043
2.72699999999991993249182087311 1757.80220264213903647032566369
2.7279999999999198223576968303 1749.72583514243251556763425469
2.72899999999991971222357278748 1741.686575180703357546008192
2.72999999999991960208944874466 1733.68425226330032273835968226
2.73099999999991949195532470185 1725.7186966799210949830012396
2.73199999999991938182120065903 1717.78973950001090997830033302
2.73299999999991927168707661622 1709.89721256918005565239582211
2.7339999999999191615529525734 1702.04094850563819818489719182
2.73499999999991905141882853059 1694.22078069664462418586481363
2.73599999999991894128470448777 1686.43654329497394428472034633
2.73699999999991883115058044496 1678.68807121540089610789436847
2.73799999999991872101645640214 1670.97520013119674331392161548
2.73899999999991861088233235932 1663.29776647064636563300155103
2.73999999999991850074820831651 1655.65560741357717233768198639
2.74099999999991839061408427369 1648.04856088790825197065714747
2.74199999999991828047996023088 1640.4764655662127097457414493
2.74299999999991817034583618806 1632.93916086229455686407163739
2.74399999999991806021171214525 1625.43648692778538134007249027
2.74499999999991795007758810243 1617.96828464875306963222101331
2.74599999999991783994346405962 1610.53439564232689917844254524
2.7469999999999177298093400168 1603.13466225334059345186688006
2.74799999999991761967521597398 1595.76892755098629095300566405
2.74899999999991750954109193117 1588.43703532548897783271968365
2.74999999999991739940696788835 1581.13883008479115233058109879
2.75099999999991728927284384554 1573.87415705125749809667468071
2.75199999999991717913871980272 1566.64286215839047144982032478
2.75299999999991706900459575991 1559.44479204756430590350646526
2.75399999999991695887047171709 1552.27979406477174961764831096
2.75499999999991684873634767428 1545.14771625738717375497799367
2.75599999999991673860222363146 1538.04840737094400537898764014
2.75699999999991662846809958864 1530.98171684592648489342536777
2.75799999999991651833397554583 1523.94749481457756701274774969
2.75899999999991640819985150301 1516.94559209771955465839710087
2.7599999999999162980657274602 1509.97586020159042163868434727
2.76099999999991618793160341738 1503.03815131469582411227747798
2.76199999999991607779747937457 1496.13231830467293548281304538
2.76299999999991596766335533175 1489.2582147151713343191659078
2.76399999999991585752923128894 1482.41569476274594308051746339
2.76499999999991574739510724612 1475.60461333376542825135402381
2.7659999999999156372609832033 1468.82482598133628926007077098
2.76699999999991552712685916049 1462.07618892223672446561977267
2.76799999999991541699273511767 1455.35855903386982390657067299
2.76899999999991530685861107486 1448.6717938512265391182154417
2.76999999999991519672448703204 1442.01575156386638809635769576
2.77099999999991508659036298923 1435.39029101290680046076886356
2.77199999999991497645623894641 1428.79527168803315362310968339
2.7729999999999148663221149036 1422.23055372451563016511499882
2.77399999999991475618799086078 1415.69599790024540197919122875
2.77499999999991464605386681797 1409.19146563278104622440878302
2.77599999999991453591974277515 1402.71681897640905845037195832
2.77699999999991442578561873233 1396.27192061921959975734353065
2.77799999999991431565149468952 1389.85663388019293051911517978
2.7789999999999142055173706467 1383.47082270630266975786071271
2.77999999999991409538324660389 1377.1143516696281494660070166
2.78099999999991398524912256107 1370.78708596448427670111414045
2.78199999999991387511499851826 1364.48889140456162749615032226
2.78299999999991376498087447544 1358.21963442008086531131993979
2.78399999999991365484675043263 1351.97918205495966503804083914
2.78499999999991354471262638981 1345.76740196399396154447458684
2.78599999999991343457850234699 1339.58416241005011215747799724
2.78699999999991332444437830418 1333.42933226127229318080935627
2.78799999999991321431025426136 1327.30278098830035560240503401
2.78899999999991310417613021855 1321.20437866150200534320902079
2.78999999999991299404200617573 1315.13399594821817117917817086
2.79099999999991288390788213292 1309.09150411001814973133150488
2.7919999999999127737737580901 1303.07677499997134873410686851
2.79299999999991266363963404729 1297.08968105992880737176164985
2.79399999999991255350551000447 1291.13009531781835903530009091
2.79499999999991244337138596165 1285.19789138495025326847098768
2.79599999999991233323726191884 1279.29294345333960336574818939
2.79699999999991222310313787602 1273.41512629303542780689895153
2.79799999999991211296901383321 1267.56431524946697209088597447
2.79899999999991200283488979039 1261.7403862407986707694362849
2.79999999999991189270076574758 1255.94321575529966139583848417
2.80099999999991178256664170476 1250.172680848723530289134942
2.80199999999991167243251766195 1244.42865914170192809251602739
2.80299999999991156229839361913 1238.71102881714728027873206884
2.80399999999991145216426957631 1233.01966861767255068116355687
2.8049999999999113420301455335 1227.35445784301646199310198426
2.80599999999991123189602149068 1221.71527634748554191901348531
2.80699999999991112176189744787 1216.10200453740549164649564773
2.80799999999991101162777340505 1210.51452336858528724405914545
2.80899999999991090149364936224 1204.9527143437919676216552034
2.80999999999991079135952531942 1199.41645951023815541702788323
2.81099999999991068122540127661 1193.90564145708003707113675773
2.81199999999991057109127723379 1188.42014331292784845572896302
2.81299999999991046095715319098 1182.95984874336704706365708262
2.81399999999991035082302914816 1177.52464194849108025664463639
2.81499999999991024068890510534 1172.1144076604457495704991743
2.81599999999991013055478106253 1166.72903114098426158307120204
2.81699999999991002042065701971 1161.36839817903478433436248451
2.8179999999999099102865329769 1156.03239508827709869365207851
2.81899999999990980015240893408 1150.72090870473243739979807287
2.81999999999990969001828489127 1145.43382638436310116958338767
2.82099999999990957988416084845 1140.17103600068389823718462139
2.82199999999990946975003680564 1134.93242594238427045638673007
2.82299999999990935961591276282 1129.71788511096065121819265187
2.82399999999990924948178872 1124.52730291836064679955597967
2.82499999999990913934766467719 1119.36056928463835902221035212
2.82599999999990902921354063437 1114.21757463561880285851657391
2.82699999999990891907941659156 1109.09820990057482958945911378
2.82799999999990880894529254874 1104.0023665099138270306866616
2.82899999999990869881116850593 1098.92993639287465157394763082
2.82999999999990858867704446311 1093.88081197523683840699959546
2.8309999999999084785429204203 1088.85488617703845193318556994
2.83199999999990836840879637748 1083.85205241030485012743156403
2.83299999999990825827467233466 1078.87220457678904494969174266
2.83399999999990814814054829185 1073.9152370657213850790867582
2.83499999999990803800642424903 1068.98104475156901571608614177
2.83599999999990792787230020622 1064.06952299180716181581374258
2.8369999999999078177381761634 1059.18056762470064313674811274
2.83799999999990770760405212059 1054.31407496709311999438796192
2.83899999999990759746992807777 1049.46994181220884456706698984
2.83999999999990748733580403496 1044.64806542746487139083910733
2.84099999999990737720167999214 1039.84834355229145330667961389
2.84199999999990726706755594932 1035.07067439596312397043220699
2.84299999999990715693343190651 1030.31495663544069429917726666
2.84399999999990704679930786369 1025.58108941322188911726698279
2.84499999999990693666518382088 1020.86897233520232930459314957
2.84599999999990682653105977806 1016.17850546854697313392534852
2.84699999999990671639693573525 1011.50958933957042518159141764
2.84799999999990660626281169243 1006.86212493162724967987742275
2.84899999999990649612868764962 1002.23601368301217462430940941
2.8499999999999063859945636068 997.631157484869959262141492218
2.85099999999990627586043956398 993.047458679114470214699395001
2.85199999999990616572631552117 988.484820056357648354605771601
2.85299999999990605559219147835 983.94314485384825275104958564
2.85399999999990594545806743554 979.422336753419244814722333103
2.85499999999990583532394339272 974.92229987944551794498693198
2.85599999999990572518981934991 970.442938796810494750388897955
2.85699999999990561505569530709 965.984158508881932903022971004
2.85799999999990550492157126428 961.545864455497735434619244188
2.85899999999990539478744722146 957.127962510959946484945248812
2.85999999999990528465332317865 952.730358982039319926116149873
2.86099999999990517451919913583 948.352960605987277631356846541
2.86199999999990506438507509301 943.995674548559463801211677492
2.8629999999999049542509510502 939.658408402045552065828815103
2.86399999999990484411682700738 935.341070183310307584179099649
2.86499999999990473398270296457 931.043568331842379848239943385
2.86599999999990462384857892175 926.765811707812872555223293602
2.86699999999990451371445487894 922.507709590142667366308160126
2.86799999999990440358033083612 918.269171674577592057175934315
2.86899999999990429344620679331 914.050108071774388918129261583
2.86999999999990418331208275049 909.850429305393276990798767656
2.87099999999990407317795870767 905.670046310201541928108781576
2.87199999999990396304383466486 901.508870430183264943480025977
2.87299999999990385290971062204 897.366813416660761504317633808
2.87399999999990374277558657923 893.243787426421476993709802628
2.87499999999990363264146253641 889.13970501985602368222316727
2.8759999999999035225073384936 885.0544791591039484046632424
2.87699999999990341237321445078 880.988023206206548820773605257
2.87799999999990330223909040797 876.940250921271172046544961631
2.87899999999990319210496636515 872.911076460641083940572571009
2.87999999999990308197084232233 868.900414375075570205808617175
2.88099999999990297183671827952 864.908179607937313448928762227
2.8819999999999028617025942367 860.934287493388637813040986657
2.88299999999990275156847019389 856.97865375459650749689899385
2.88399999999990264143434615107 853.041194501944346484378911555
2.88499999999990253130022210826 849.121826231253521655162330717
2.88599999999990242116609806544 845.220465822011988166195806116
2.88699999999990231103197402263 841.337030535612257153843529522
2.88799999999990220089784997981 837.471438013595957272627856582
2.88899999999990209076372593699 833.623606275907377494149841368
2.88999999999990198062960189418 829.793453719154967984650284052
2.89099999999990187049547785136 825.980899114880799061211291701
2.89199999999990176036135380855 822.185861607837864539760630578
2.89299999999990165022722976573 818.408260714275002101203426719
2.89399999999990154009310572292 814.648016320230681230896152556
2.8949999999999014299589816801 810.905048679833157621033024043
2.89599999999990131982485763729 807.179278413610063580563291907
2.89699999999990120969073359447 803.470626506804251221183221787
2.89799999999990109955660955166 799.779014307698844277183525264
2.89899999999990098942248550884 796.104363525948087954020593315
2.89999999999990087928836146602 792.446596230918544279120396823
2.90099999999990076915423742321 788.805634850034948613028973341
2.90199999999990065902011338039 785.181402167135502168093807995
2.90299999999990054888598933758 781.573821320835122605785727501
2.90399999999990043875186529476 777.982815802894037915393710136
2.90499999999990032861774125195 774.408309456596271047601476312
2.90599999999990021848361720913 770.850226475134036263625603169
2.90699999999990010834949316632 767.308491400000207249831873924
2.9079999999998999982153691235 763.783029119388174876803532243
2.90899999999989988808124508068 760.273764866598412481835111976
2.90999999999989977794712103787 756.780624218453453977417666465
2.91099999999989966781299699505 753.303533093719124735798686743
2.91199999999989955767887295224 749.842417751533616865344811231
2.91299999999989944754474890942 746.397204789843726757680997252
2.91399999999989933741062486661 742.96782114384802753193071112
2.91499999999989922727650082379 739.554194084446976376057136804
2.91599999999989911714237678098 736.156251216701548401033505797
2.91699999999989900700825273816 732.773920478296645342197734863
2.91799999999989889687412869534 729.407130138013940268137957901
2.91899999999989878674000465253 726.055808794209610823600087315
2.91999999999989867660588060971 722.719885373301053732575383037
2.9209999999998985664717565669 719.399289128258828895923215896
2.92199999999989845633763252408 716.093949637106561567634344101
2.92299999999989834620350848127 712.803796801427893115032929927
2.92399999999989823606938443845 709.528760844878661373513750732
2.92499999999989812593526039564 706.268772311708517008810304105
2.92599999999989801580113635282 703.023762065287201039609499276
2.92699999999989790566701231 699.793661286638098317780531943
2.92799999999989779553288826719 696.578401472979521713568829
2.92899999999989768539876422437 693.377914436270998521649744362
2.92999999999989757526464018156 690.192132301768083380011375993
2.93099999999989746513051613874 687.020987506582059722859412432
2.93199999999989735499639209593 683.864412798247826685837935656
2.93299999999989724486226805311 680.722341233297242979460861534
2.9339999999998971347281440103 677.594706175839178285968955606
2.93499999999989702459401996748 674.481441296146726926963310689
2.93599999999989691445989592467 671.38248056925067430711351335
2.93699999999989680432577188185 668.297758273538761386589612812
2.93799999999989669419164783903 665.227208989362111424270551652
2.93899999999989658405752379622 662.170767597647795810189563781
2.9399999999998964739233997534 659.128369278517880047729704529
2.94099999999989636378927571059 656.099949509914836198731791228
2.94199999999989625365515166777 653.085444066232867044163867831
2.94299999999989614352102762496 650.084789016956165141891688108
2.94399999999989603338690358214 647.09792072530296991317300126
2.94499999999989592325277953933 644.124775846875763818388804793
2.94599999999989581311865549651 641.1652913283185171167133376
2.94699999999989570298453145369 638.219404405978480099292937666
2.94799999999989559285040741088 635.287052604576388148416299373
2.94899999999989548271628336806 632.368173735880191088654100895
2.94999999999989537258215932525 629.462705897386967990314587951
2.95099999999989526244803528243 626.570587471010298941109795123
2.95199999999989515231391123962 623.691757121772639038681518286
2.9529999999998950421797871968 620.826153796505764148605521768
2.95399999999989493204566315399 617.973716722554286207014229149
2.95499999999989482191153911117 615.134385406488831904425751418
2.95599999999989471177741506835 612.308099632821267732651904225
2.95699999999989460164329102554 609.494799462729133665561676025
2.95799999999989449150916698272 606.694425232783487444976344705
2.95899999999989438137504293991 603.906917553683911137341056019
2.95999999999989427124091889709 601.132217308999202032282482833
2.96099999999989416110679485428 598.370265653913520509377121925
2.96199999999989405097267081146 595.621004013978108559967949986
2.96299999999989394083854676865 592.884374083869715832406654954
2.96399999999989383070442272583 590.160317826153459463967010379
2.96499999999989372057029868301 587.448777470052391436183825135
2.9659999999998936104361746402 584.749695510222068151051644236
2.96699999999989350030205059738 582.063014705531145409622695297
2.96799999999989339016792655457 579.388678077847544045653194189
2.96899999999989328003380251175 576.726628910829617780109401792
2.96999999999989316989967846894 574.076810748723914912261534482
2.97099999999989305976555442612 571.439167395167373797448817641
2.97199999999989294963143038331 568.813642911995884787756949663
2.97299999999989283949730634049 566.20018161805796808039303869
2.97399999999989272936318229767 563.598728088033681160595733672
2.97499999999989261922905825486 561.009227151259210586431436241
2.97599999999989250909493421204 558.431623890557034428638871759
2.97699999999989239896081016923 555.865863641071086931333411485
2.97799999999989228882668612641 553.311891989107721201435197145
2.9789999999998921786925620836 550.769654770980991997930686921
2.97999999999989206855843804078 548.239098071865100791910663247
2.98099999999989195842431399797 545.720168224649796684389002621
2.98199999999989184829018995515 543.212811808803394342248793691
2.98299999999989173815606591234 540.716975649238634105131495744
2.98399999999989162802194186952 538.232606815186159110453445464
2.9849999999998915178878178267 535.759652619070948276203125715
2.98599999999989140775369378389 533.298060615395684180839452893
2.98699999999989129761956974107 530.847778599628099982510320842
2.98799999999989118748544569826 528.408754607094124366994947195
2.98899999999989107735132165544 525.98093691187534659547964111
2.98999999999989096721719761263 523.564274025712734328408259898
2.99099999999989085708307356981 521.158714696914103114977478981
2.991999999999890746948949527 518.764207909267383911355864257
2.99299999999989063681482548418 516.380702880958892819762695581
2.99399999999989052668070144136 514.008149063495920927380211651
2.99499999999989041654657739855 511.646496140635349547665100545
2.99599999999989030641245335573 509.295694027315789753629360348
2.99699999999989019627832931292 506.95569286859608837403357029
2.9979999999998900861442052701 504.626443038597699342062696815
2.99899999999988997601008122729 502.307895139452170951699372381
2.99999999999988986587595718447 500.00000000025369217837578617
