2.00099999999999988986587595718 31886
2.00199999999999977973175191437 31800
2.00299999999999966959762787155 32057
2.00399999999999955946350382874 32797
2.00499999999999944932937978592 33936
2.00599999999999933919525574311 35677
2.00699999999999922906113170029 38935
2.00799999999999911892700765748 40014
2.00899999999999900879288361466 39437
2.00999999999999889865875957184 38035
2.01099999999999878852463552903 36262
2.01199999999999867839051148621 34180
2.0129999999999985682563874434 32391
2.01399999999999845812226340058 30907
2.01499999999999834798813935777 29291
2.01599999999999823785401531495 27688
2.01699999999999812771989127214 26557
2.01799999999999801758576722932 25282
2.0189999999999979074516431865 24487
2.01999999999999779731751914369 23136
2.02099999999999768718339510087 22144
2.02199999999999757704927105806 21280
2.02299999999999746691514701524 20370
2.02399999999999735678102297243 19543
2.02499999999999724664689892961 18861
2.0259999999999971365127748868 18293
2.02699999999999702637865084398 17532
2.02799999999999691624452680117 16847
2.02899999999999680611040275835 16383
2.02999999999999669597627871553 16155
2.03099999999999658584215467272 15704
2.0319999999999964757080306299 15225
2.03299999999999636557390658709 14697
2.03399999999999625543978254427 14377
2.03499999999999614530565850146 14040
2.03599999999999603517153445864 13716
2.03699999999999592503741041583 13132
2.03799999999999581490328637301 12859
2.03899999999999570476916233019 12544
2.03999999999999559463503828738 12260
2.04099999999999548450091424456 11865
2.04199999999999537436679020175 11725
2.04299999999999526423266615893 11268
2.04399999999999515409854211612 11030
2.0449999999999950439644180733 10945
2.04599999999999493383029403049 10540
2.04699999999999482369616998767 10280
2.04799999999999471356204594485 10180
2.04899999999999460342792190204 10011
2.04999999999999449329379785922 10019
2.05099999999999438315967381641 9854
2.05199999999999427302554977359 9614
2.05299999999999416289142573078 9179
2.05399999999999405275730168796 8949
2.05499999999999394262317764515 8772
2.05599999999999383248905360233 8656
2.05699999999999372235492955951 8673
2.0579999999999936122208055167 8461
2.05899999999999350208668147388 8291
2.05999999999999339195255743107 8187
2.06099999999999328181843338825 8049
2.06199999999999317168430934544 7867
2.06299999999999306155018530262 8002
2.06399999999999295141606125981 7872
2.06499999999999284128193721699 7613
2.06599999999999273114781317418 7594
2.06699999999999262101368913136 7401
2.06799999999999251087956508854 7401
2.06899999999999240074544104573 7254
2.06999999999999229061131700291 7172
2.0709999999999921804771929601 6970
2.07199999999999207034306891728 6952
2.07299999999999196020894487447 6680
2.07399999999999185007482083165 6775
2.07499999999999173994069678884 6502
2.07599999999999162980657274602 6562
2.0769999999999915196724487032 6432
2.07799999999999140953832466039 6303
2.07899999999999129940420061757 6207
2.07999999999999118927007657476 6088
2.08099999999999107913595253194 5952
2.08199999999999096900182848913 5917
2.08299999999999085886770444631 5882
2.0839999999999907487335804035 5771
2.08499999999999063859945636068 5753
2.08599999999999052846533231786 5612
2.08699999999999041833120827505 5526
2.08799999999999030819708423223 5576
2.08899999999999019806296018942 5556
2.0899999999999900879288361466 5503
2.09099999999998997779471210379 5262
2.09199999999998986766058806097 5309
2.09299999999998975752646401816 5214
2.09399999999998964739233997534 5236
2.09499999999998953725821593252 5203
2.09599999999998942712409188971 5158
2.09699999999998931698996784689 5197
2.09799999999998920685584380408 5032
2.09899999999998909672171976126 4985
2.09999999999998898658759571845 5029
2.10099999999998887645347167563 4793
2.10199999999998876631934763282 4840
2.10299999999998865618522359 4897
2.10399999999998854605109954719 4839
2.10499999999998843591697550437 4727
2.10599999999998832578285146155 4588
2.10699999999998821564872741874 4582
2.10799999999998810551460337592 4581
2.10899999999998799538047933311 4454
2.10999999999998788524635529029 4462
2.11099999999998777511223124748 4412
2.11199999999998766497810720466 4463
2.11299999999998755484398316185 4476
2.11399999999998744470985911903 4294
2.11499999999998733457573507621 4257
2.1159999999999872244416110334 4243
2.11699999999998711430748699058 4314
2.11799999999998700417336294777 4215
2.11899999999998689403923890495 4178
2.11999999999998678390511486214 4065
2.12099999999998667377099081932 3960
2.12199999999998656363686677651 4018
2.12299999999998645350274273369 4002
2.12399999999998634336861869087 3917
2.12499999999998623323449464806 3879
2.12599999999998612310037060524 3846
2.12699999999998601296624656243 3988
2.12799999999998590283212251961 3862
2.1289999999999857926979984768 3844
2.12999999999998568256387443398 3803
2.13099999999998557242975039117 3687
2.13199999999998546229562634835 3678
2.13299999999998535216150230553 3711
2.13399999999998524202737826272 3716
2.1349999999999851318932542199 3683
2.13599999999998502175913017709 3682
2.13699999999998491162500613427 3534
2.13799999999998480149088209146 3525
2.13899999999998469135675804864 3576
2.13999999999998458122263400583 3499
2.14099999999998447108850996301 3527
2.14199999999998436095438592019 3522
2.14299999999998425082026187738 3473
2.14399999999998414068613783456 3450
2.14499999999998403055201379175 3469
2.14599999999998392041788974893 3452
2.14699999999998381028376570612 3396
2.1479999999999837001496416633 3411
2.14899999999998359001551762049 3398
2.14999999999998347988139357767 3381
2.15099999999998336974726953486 3326
2.15199999999998325961314549204 3313
2.15299999999998314947902144922 3370
2.15399999999998303934489740641 3295
2.15499999999998292921077336359 3241
2.15599999999998281907664932078 3201
2.15699999999998270894252527796 3201
2.15799999999998259880840123515 3097
2.15899999999998248867427719233 3084
2.15999999999998237854015314952 3114
2.1609999999999822684060291067 3050
2.16199999999998215827190506388 3064
2.16299999999998204813778102107 3053
2.16399999999998193800365697825 3043
2.16499999999998182786953293544 3008
2.16599999999998171773540889262 2956
2.16699999999998160760128484981 2864
2.16799999999998149746716080699 2948
2.16899999999998138733303676418 2938
2.16999999999998127719891272136 2888
2.17099999999998116706478867854 2917
2.17199999999998105693066463573 2893
2.17299999999998094679654059291 2851
2.1739999999999808366624165501 2818
2.17499999999998072652829250728 2704
2.17599999999998061639416846447 2675
2.17699999999998050626004442165 2701
2.17799999999998039612592037884 2693
2.17899999999998028599179633602 2678
2.1799999999999801758576722932 2733
2.18099999999998006572354825039 2712
2.18199999999997995558942420757 2684
2.18299999999997984545530016476 2644
2.18399999999997973532117612194 2696
2.18499999999997962518705207913 2684
2.18599999999997951505292803631 2661
2.1869999999999794049188039935 2649
2.18799999999997929478467995068 2601
2.18899999999997918465055590787 2565
2.18999999999997907451643186505 2596
2.19099999999997896438230782223 2610
2.19199999999997885424818377942 2622
2.1929999999999787441140597366 2617
2.19399999999997863397993569379 2601
2.19499999999997852384581165097 2562
2.19599999999997841371168760816 2487
2.19699999999997830357756356534 2433
2.19799999999997819344343952253 2454
2.19899999999997808330931547971 2481
2.19999999999997797317519143689 2480
2.20099999999997786304106739408 2474
2.20199999999997775290694335126 2431
2.20299999999997764277281930845 2432
2.20399999999997753263869526563 2444
2.20499999999997742250457122282 2419
2.20599999999997731237044718 2466
2.20699999999997720223632313719 2464
2.20799999999997709210219909437 2439
2.20899999999997698196807505155 2430
2.20999999999997687183395100874 2397
2.21099999999997676169982696592 2390
2.21199999999997665156570292311 2389
2.21299999999997654143157888029 2379
2.21399999999997643129745483748 2290
2.21499999999997632116333079466 2273
2.21599999999997621102920675185 2278
2.21699999999997610089508270903 2242
2.21799999999997599076095866621 2224
2.2189999999999758806268346234 2231
2.21999999999997577049271058058 2183
2.22099999999997566035858653777 2195
2.22199999999997555022446249495 2220
2.22299999999997544009033845214 2177
2.22399999999997532995621440932 2202
2.22499999999997521982209036651 2183
2.22599999999997510968796632369 2169
2.22699999999997499955384228087 2179
2.22799999999997488941971823806 2193
2.22899999999997477928559419524 2158
2.22999999999997466915147015243 2134
2.23099999999997455901734610961 2096
2.2319999999999744488832220668 2116
2.23299999999997433874909802398 2075
2.23399999999997422861497398117 2076
2.23499999999997411848084993835 2069
2.23599999999997400834672589554 2040
2.23699999999997389821260185272 2001
2.2379999999999737880784778099 1974
2.23899999999997367794435376709 2019
2.23999999999997356781022972427 2015
2.24099999999997345767610568146 2008
2.24199999999997334754198163864 2033
2.24299999999997323740785759583 2028
2.24399999999997312727373355301 2020
2.2449999999999730171396095102 1980
2.24599999999997290700548546738 1951
2.24699999999997279687136142456 1920
2.24799999999997268673723738175 1940
2.24899999999997257660311333893 1956
2.24999999999997246646898929612 1989
2.2509999999999723563348652533 1990
2.25199999999997224620074121049 1944
2.25299999999997213606661716767 1902
2.25399999999997202593249312486 1911
2.25499999999997191579836908204 1888
2.25599999999997180566424503922 1892
2.25699999999997169553012099641 1906
2.25799999999997158539599695359 1888
2.25899999999997147526187291078 1872
2.25999999999997136512774886796 1861
2.26099999999997125499362482515 1857
2.26199999999997114485950078233 1881
2.26299999999997103472537673952 1877
2.2639999999999709245912526967 1902
2.26499999999997081445712865388 1847
2.26599999999997070432300461107 1860
2.26699999999997059418888056825 1878
2.26799999999997048405475652544 1857
2.26899999999997037392063248262 1838
2.26999999999997026378650843981 1868
2.27099999999997015365238439699 1876
2.27199999999997004351826035418 1843
2.27299999999996993338413631136 1803
2.27399999999996982325001226855 1809
2.27499999999996971311588822573 1814
2.27599999999996960298176418291 1807
2.2769999999999694928476401401 1782
2.27799999999996938271351609728 1789
2.27899999999996927257939205447 1809
2.27999999999996916244526801165 1845
2.28099999999996905231114396884 1817
2.28199999999996894217701992602 1824
2.28299999999996883204289588321 1790
2.28399999999996872190877184039 1762
2.28499999999996861177464779757 1739
2.28599999999996850164052375476 1702
2.28699999999996839150639971194 1687
2.28799999999996828137227566913 1705
2.28899999999996817123815162631 1728
2.2899999999999680611040275835 1753
2.29099999999996795096990354068 1766
2.29199999999996784083577949787 1737
2.29299999999996773070165545505 1697
2.29399999999996762056753141223 1695
2.29499999999996751043340736942 1699
2.2959999999999674002992833266 1718
2.29699999999996729016515928379 1688
2.29799999999996718003103524097 1659
2.29899999999996706989691119816 1637
2.29999999999996695976278715534 1664
2.30099999999996684962866311253 1655
2.30199999999996673949453906971 1673
2.30299999999996662936041502689 1645
2.30399999999996651922629098408 1614
2.30499999999996640909216694126 1601
2.30599999999996629895804289845 1593
2.30699999999996618882391885563 1600
2.30799999999996607868979481282 1577
2.30899999999996596855567077 1566
2.30999999999996585842154672719 1581
2.31099999999996574828742268437 1571
2.31199999999996563815329864156 1592
2.31299999999996552801917459874 1579
2.31399999999996541788505055592 1581
2.31499999999996530775092651311 1546
2.31599999999996519761680247029 1524
2.31699999999996508748267842748 1539
2.31799999999996497734855438466 1510
2.31899999999996486721443034185 1505
2.31999999999996475708030629903 1480
2.32099999999996464694618225622 1450
2.3219999999999645368120582134 1458
2.32299999999996442667793417058 1456
2.32399999999996431654381012777 1453
2.32499999999996420640968608495 1458
